# Time-averaged data for fix AVE_TD
# TimeStep c_thermo_temp c_thermo_press v_varVolume c_thermo_pe v_varKE f_INT
0 300 165683 384.001 -605940 0.581671 0
100 717.811 -28764 384.001 -605954 1.39176 12.6815
200 410.599 -49160.2 384.001 -605956 0.796111 16.1516
300 218.155 -22403.2 384.001 -605957 0.422982 17.1369
400 266.814 -17191.4 384.001 -605957 0.517326 16.8892
500 304.818 -33864.8 384.001 -605957 0.591012 16.5376
600 208.581 -35296.5 384.001 -605956 0.404418 16.5952
700 390.792 -25668.9 384.001 -605957 0.757707 16.4757
800 213.423 -21470.9 384.001 -605957 0.413805 16.9521
900 311.748 -21435.6 384.001 -605957 0.604449 16.8217
1000 312.301 -26838.5 384.001 -605957 0.605521 16.5081
1100 243.085 -31251.3 384.001 -605957 0.471318 16.6946
1200 340.549 -22273 384.001 -605957 0.660292 16.6769
1300 275.205 -15753.5 384.001 -605957 0.533596 16.7419
1400 265.214 -37052.7 384.001 -605957 0.514224 16.8389
1500 429.07 -21259.8 384.001 -605957 0.831926 16.4645
1600 361.527 -26327.5 384.001 -605957 0.700966 16.7891
1700 332.157 -32466.6 384.001 -605957 0.644021 16.8541
1800 331.649 -22466.4 384.001 -605957 0.643036 16.3966
1900 227.7 -32484.4 384.001 -605957 0.441488 16.7637
2000 347.01 -16088.9 384.001 -605957 0.672818 16.7545
2100 335.007 -13319.2 384.001 -605957 0.649545 16.5172
2200 241.537 -33645.1 384.001 -605957 0.468316 16.7192
2300 188.95 -29693.7 384.001 -605957 0.366355 16.817
2400 251.7 -11493.1 384.001 -605957 0.488021 16.6253
2500 221.953 -15329 384.001 -605957 0.430345 16.9598
2600 340.607 -31379.4 384.001 -605957 0.660403 16.7656
2700 363.138 -24002.1 384.001 -605957 0.70409 16.4903
2800 226.965 -15375.4 384.001 -605957 0.440062 16.8962
2900 401.05 -21863.1 384.001 -605957 0.777598 16.68
3000 229.178 -31243 384.001 -605957 0.444354 16.7226
3100 265.25 -24335.9 384.001 -605957 0.514294 16.7613
3200 239.745 -13555.7 384.001 -605956 0.464842 16.5294
3300 328.154 -21323 384.001 -605957 0.636258 16.676
3400 301.172 -36277.9 384.001 -605957 0.583942 16.7541
3500 350.089 -18208.6 384.001 -605957 0.678789 16.4491
3600 322.583 -16446.7 384.001 -605957 0.625457 16.7049
3700 267.767 -28765.1 384.001 -605957 0.519174 16.7339
3800 355.206 -23360.9 384.001 -605957 0.68871 16.6157
3900 187.185 -27591.2 384.001 -605957 0.362934 16.9831
4000 277.151 -19248.2 384.001 -605957 0.537369 16.8406
4100 428.673 -27145.7 384.001 -605957 0.831154 16.4884
4200 282.706 -39246.8 384.001 -605957 0.54814 16.6891
4300 321.797 -19936.6 384.001 -605957 0.623932 16.6905
4400 262.239 -20248.4 384.001 -605957 0.508456 17.0126
4500 293.375 -21954.7 384.001 -605957 0.568826 16.9212
4600 349.485 -34004.1 384.001 -605957 0.677617 16.5473
4700 274.8 -21763.9 384.001 -605957 0.53281 16.7947
4800 220.198 -27992.3 384.001 -605957 0.426942 17.0483
4900 278.77 -26101.4 384.001 -605957 0.540507 16.7759
5000 242.218 -18953.1 384.001 -605957 0.469637 16.6471
5100 335.016 -28541.4 384.001 -605957 0.649563 16.6948
5200 242.144 -21298.4 384.001 -605957 0.469494 16.9706
5300 325.042 -24866.3 384.001 -605957 0.630225 16.5532
5400 336.268 -26006.1 384.001 -605957 0.651991 16.6508
5500 283.091 -27702 384.001 -605957 0.548886 16.7434
5600 304.723 -13969.9 384.001 -605957 0.590829 16.7689
5700 185.999 -27635.5 384.001 -605957 0.360635 17.0165
5800 260.566 -28259.7 384.001 -605957 0.505212 16.6908
5900 332.633 -28647.4 384.001 -605957 0.644942 16.6081
6000 245.13 -17175.9 384.001 -605957 0.475282 17.0412
6100 229.645 -23277.1 384.001 -605957 0.445259 16.9062
6200 213.681 -33348.2 384.001 -605957 0.414306 16.6545
6300 290.077 -16876.9 384.001 -605957 0.562432 16.4982
6400 327.965 -16363.6 384.001 -605957 0.635892 16.758
6500 252.062 -27149.5 384.001 -605957 0.488723 16.8004
6600 243.465 -23588.1 384.001 -605957 0.472054 16.944
6700 227.701 -13832.5 384.001 -605956 0.441491 16.5814
6800 362.981 -31323.9 384.001 -605957 0.703784 16.7313
6900 293.818 -23346.9 384.001 -605957 0.569685 16.8686
7000 362.359 -18690.3 384.001 -605957 0.702579 16.599
7100 414.895 -26837.2 384.001 -605957 0.804442 16.4653
7200 193.784 -34661.1 384.001 -605957 0.375729 16.9056
7300 354.805 -15000.6 384.001 -605957 0.687932 16.6722
7400 474.304 -15212.2 384.001 -605957 0.91963 16.2149
7500 311.494 -41827.2 384.001 -605957 0.603956 16.7132
7600 358.812 -31318.5 384.001 -605957 0.695701 16.6487
7700 276.646 -11682.4 384.001 -605957 0.536389 16.9194
7800 229.885 -35688.5 384.001 -605957 0.445724 16.8717
7900 421.396 -34061.1 384.001 -605957 0.817045 16.4703
8000 283.592 -12352 384.001 -605957 0.549858 16.8524
8100 267.766 -20647.9 384.001 -605957 0.519172 16.8243
8200 289.692 -28232.1 384.001 -605957 0.561685 16.5581
8300 258.535 -31801.5 384.001 -605957 0.501275 16.6454
8400 272.311 -6706.26 384.001 -605957 0.527984 16.9146
8500 255.729 -25101.5 384.001 -605957 0.495834 16.879
8600 171.991 -34158.4 384.001 -605956 0.333474 16.4978
8700 252.137 -18852.3 384.001 -605957 0.48887 16.6561
8800 241.55 -5281.46 384.001 -605957 0.468342 16.7582
8900 347.777 -33945.2 384.001 -605957 0.674305 16.7583
9000 357.372 -34264.7 384.001 -605957 0.69291 16.6591
9100 299.656 -12318.5 384.001 -605957 0.581004 16.6721
9200 240.023 -26966.9 384.001 -605957 0.465381 16.9778
9300 422.209 -31076.9 384.001 -605957 0.818622 16.658
9400 324.681 -25225.4 384.001 -605957 0.629526 16.5881
9500 284.044 -23822.7 384.001 -605957 0.550734 16.7982
9600 305.956 -18871.6 384.001 -605957 0.593218 16.922
9700 401.742 -26553.3 384.001 -605957 0.778939 16.5463
9800 294.595 -24741.8 384.001 -605957 0.571191 16.6518
9900 284.064 -21889.5 384.001 -605957 0.550773 16.861
10000 344.799 -15072.4 384.001 -605957 0.668531 17.0116
