# Time-averaged data for fix AVE_TD
# TimeStep c_thermo_temp c_thermo_press v_varVolume c_thermo_pe v_varKE f_INT
0 300 111027 169.969 -452460 0.349002 0
1 292.929 111892 169.969 -452460 0.340776 -8.03644e-07
2 284.627 112740 169.969 -452460 0.331119 -8.03494e-06
3 275.183 113568 169.969 -452460 0.320132 -2.84907e-05
4 264.726 114371 169.969 -452460 0.307966 -6.90959e-05
5 253.418 115144 169.969 -452460 0.294812 -0.000136525
6 241.453 115885 169.969 -452460 0.280892 -0.00023684
7 229.044 116595 169.969 -452460 0.266456 -0.000375188
8 216.419 117276 169.969 -452460 0.251769 -0.00055558
9 203.816 117910 169.969 -452460 0.237107 -0.000780795
10 191.477 118485 169.969 -452460 0.222753 -0.0010524
11 179.637 118994 169.969 -452460 0.208979 -0.00137093
12 168.519 119428 169.969 -452460 0.196045 -0.00173613
13 158.321 119780 169.969 -452460 0.184181 -0.00214737
14 149.214 120048 169.969 -452460 0.173587 -0.00260405
15 141.337 120229 169.969 -452460 0.164423 -0.00310603
16 134.788 120326 169.969 -452460 0.156805 -0.00365409
17 129.63 120335 169.969 -452460 0.150804 -0.00425023
18 125.886 120254 169.969 -452460 0.146449 -0.00489792
19 123.542 120087 169.969 -452460 0.143722 -0.00560224
20 122.548 119836 169.969 -452460 0.142566 -0.00636986
21 122.826 119504 169.969 -452460 0.142889 -0.00720886
22 124.272 119097 169.969 -452460 0.14457 -0.00812853
23 126.762 118621 169.969 -452460 0.147467 -0.00913903
24 130.161 118078 169.969 -452460 0.151422 -0.010251
25 134.331 117475 169.969 -452460 0.156273 -0.0114751
26 139.134 116816 169.969 -452460 0.16186 -0.0128217
27 144.439 116110 169.969 -452460 0.168032 -0.0143006
28 150.131 115364 169.969 -452460 0.174654 -0.0159209
29 156.112 114580 169.969 -452460 0.181611 -0.0176904
30 162.305 113761 169.969 -452460 0.188816 -0.0196162
31 168.659 112908 169.969 -452460 0.196208 -0.021704
32 175.147 112022 169.969 -452460 0.203756 -0.023959
33 181.766 111104 169.969 -452460 0.211456 -0.0263857
34 188.532 110154 169.969 -452460 0.219327 -0.0289878
35 195.478 109173 169.969 -452460 0.227408 -0.031769
36 202.652 108161 169.969 -452460 0.235754 -0.0347329
37 210.108 107117 169.969 -452460 0.244428 -0.0378828
38 217.901 106041 169.969 -452460 0.253493 -0.0412222
39 226.081 104932 169.969 -452460 0.263009 -0.0447542
40 234.689 103791 169.969 -452460 0.273024 -0.0484818
41 243.751 102619 169.969 -452460 0.283566 -0.0524071
42 253.274 101423 169.969 -452460 0.294645 -0.056531
43 263.246 100199 169.969 -452460 0.306245 -0.0608527
44 273.628 98947.6 169.969 -452460 0.318323 -0.0653696
45 284.361 97670.5 169.969 -452460 0.330809 -0.0700759
46 295.364 96370.7 169.969 -452460 0.343609 -0.0749629
47 306.54 95051.6 169.969 -452460 0.35661 -0.0800186
48 317.78 93720.3 169.969 -452460 0.369687 -0.085227
49 328.974 92389.9 169.969 -452460 0.38271 -0.090569
50 340.011 91052.8 169.969 -452460 0.395549 -0.0960219
51 350.784 89718 169.969 -452460 0.408082 -0.10156
52 361.202 88383.1 169.969 -452460 0.420202 -0.107157
53 371.193 87049.3 169.969 -452460 0.431824 -0.112782
54 380.71 85717.7 169.969 -452460 0.442895 -0.118407
55 389.732 84389.6 169.969 -452460 0.453392 -0.124
56 398.273 83073 169.969 -452460 0.463328 -0.129534
57 406.374 81760.6 169.969 -452460 0.472751 -0.13498
58 414.1 80450.9 169.969 -452460 0.48174 -0.140315
59 421.543 79142.6 169.969 -452460 0.490398 -0.145513
60 428.809 77834.3 169.969 -452460 0.498851 -0.150556
61 436.015 76524 169.969 -452460 0.507234 -0.155423
62 443.282 75208.3 169.969 -452460 0.515689 -0.160099
63 450.725 73884.9 169.969 -452460 0.524347 -0.164567
64 458.445 72554.1 169.969 -452460 0.533328 -0.168814
65 466.524 71212.5 169.969 -452460 0.542726 -0.172826
66 475.017 69861.9 169.969 -452460 0.552607 -0.176587
67 483.953 68507.9 169.969 -452460 0.563003 -0.180083
68 493.331 67149.4 169.969 -452460 0.573912 -0.183296
69 503.115 65783.2 169.969 -452460 0.585294 -0.186209
70 513.237 64409 169.969 -452460 0.59707 -0.1888
71 523.603 63024.3 169.969 -452460 0.609129 -0.191049
72 534.095 61633.4 169.969 -452460 0.621335 -0.192931
73 544.578 60236 169.969 -452460 0.633531 -0.194422
74 554.911 58834.9 169.969 -452460 0.645551 -0.195496
75 564.946 57433.8 169.969 -452460 0.657225 -0.196129
76 574.544 56040.6 169.969 -452460 0.668391 -0.196296
77 583.575 54658 169.969 -452460 0.678897 -0.195974
78 591.924 53284.3 169.969 -452460 0.688609 -0.195143
79 599.495 51920.4 169.969 -452460 0.697417 -0.193785
80 606.214 50568 169.969 -452460 0.705234 -0.191888
81 612.032 49228.3 169.969 -452460 0.712002 -0.18944
82 616.92 47906.7 169.969 -452460 0.717688 -0.186437
83 620.877 46605.3 169.969 -452460 0.722292 -0.182877
84 623.922 45326.8 169.969 -452460 0.725834 -0.178764
85 626.09 44061.9 169.969 -452460 0.728357 -0.174107
86 627.431 42809.5 169.969 -452460 0.729917 -0.168916
87 628.003 41569.1 169.969 -452460 0.730581 -0.163208
88 627.871 40344.6 169.969 -452460 0.730428 -0.157003
89 627.104 39129.2 169.969 -452460 0.729536 -0.150321
90 625.769 37921.7 169.969 -452460 0.727983 -0.143188
91 623.93 36721.6 169.969 -452460 0.725844 -0.135632
92 621.646 35540.1 169.969 -452460 0.723187 -0.127681
93 618.973 34381.5 169.969 -452460 0.720077 -0.119367
94 615.953 33229.2 169.969 -452460 0.716564 -0.110721
95 612.615 32082 169.969 -452460 0.712681 -0.101777
96 608.978 30942.1 169.969 -452460 0.708449 -0.092571
97 605.054 29822.5 169.969 -452460 0.703884 -0.0831373
98 600.846 28709.7 169.969 -452460 0.698989 -0.0735127
99 596.347 27609.6 169.969 -452460 0.693755 -0.0637344
100 591.542 26523.7 169.969 -452460 0.688166 -0.05384
101 586.417 25449.3 169.969 -452460 0.682203 -0.0438675
102 580.952 24401.5 169.969 -452460 0.675845 -0.0338547
103 575.136 23389.7 169.969 -452460 0.66908 -0.0238394
104 568.965 22418.1 169.969 -452460 0.6619 -0.0138581
105 562.443 21505.1 169.969 -452460 0.654313 -0.00394624
106 555.581 20643.6 169.969 -452460 0.646331 0.00586261
107 548.382 19816.4 169.969 -452460 0.637955 0.0155371
108 540.849 19037.8 169.969 -452460 0.629192 0.0250482
109 532.991 18293.2 169.969 -452460 0.620051 0.0343694
110 524.819 17588.7 169.969 -452460 0.610544 0.0434772
111 516.346 16908.5 169.969 -452460 0.600686 0.052351
112 507.584 16252.4 169.969 -452460 0.590493 0.0609731
113 498.553 15633.5 169.969 -452460 0.579988 0.0693289
114 489.28 15044.9 169.969 -452460 0.5692 0.0774069
115 479.793 14477.7 169.969 -452460 0.558163 0.0851982
116 470.119 13930.5 169.969 -452460 0.546909 0.0926971
117 460.294 13401.5 169.969 -452460 0.535479 0.0999002
118 450.352 12888.7 169.969 -452460 0.523913 0.106806
119 440.332 12390.1 169.969 -452460 0.512257 0.113417
120 430.274 11903.2 169.969 -452460 0.500556 0.119735
121 420.22 11425.5 169.969 -452460 0.488859 0.125766
122 410.212 10954.7 169.969 -452460 0.477216 0.131515
123 400.292 10488 169.969 -452460 0.465676 0.136989
124 390.502 10022.9 169.969 -452460 0.454287 0.142198
125 380.883 9556.89 169.969 -452460 0.443097 0.14715
126 371.475 9087.49 169.969 -452460 0.432152 0.151854
127 362.314 8612.37 169.969 -452460 0.421495 0.156322
128 353.436 8129.32 169.969 -452460 0.411166 0.160562
129 344.87 7637.8 169.969 -452460 0.401201 0.164587
130 336.643 7135.05 169.969 -452460 0.391631 0.168406
131 328.78 6619.13 169.969 -452460 0.382483 0.17203
132 321.296 6088.7 169.969 -452460 0.373777 0.175469
133 314.206 5542.73 169.969 -452460 0.365529 0.178733
134 307.517 4980.5 169.969 -452460 0.357747 0.181833
135 301.231 4401.61 169.969 -452460 0.350434 0.184777
136 295.345 3805.44 169.969 -452460 0.343586 0.187574
137 289.85 3192.07 169.969 -452460 0.337195 0.190232
138 284.735 2562.39 169.969 -452460 0.331244 0.192761
139 279.981 1916.71 169.969 -452460 0.325714 0.195166
140 275.567 1255.88 169.969 -452460 0.320579 0.197455
141 271.467 580.948 169.969 -452460 0.315809 0.199635
142 267.655 -105.037 169.969 -452460 0.311374 0.20171
143 264.099 -800.144 169.969 -452460 0.307237 0.203686
144 260.769 -1505.04 169.969 -452460 0.303364 0.205568
145 257.633 -2215.43 169.969 -452460 0.299715 0.207359
146 254.659 -2930.12 169.969 -452460 0.296256 0.209064
147 251.817 -3646.04 169.969 -452460 0.292949 0.210685
148 249.076 -4364.73 169.969 -452460 0.28976 0.212225
149 246.408 -5084.51 169.969 -452460 0.286656 0.213686
150 243.786 -5803.77 169.969 -452460 0.283607 0.215071
151 241.188 -6520.93 169.969 -452460 0.280584 0.216381
152 238.591 -7234.53 169.969 -452460 0.277563 0.217617
153 235.978 -7943.17 169.969 -452460 0.274523 0.218781
154 233.334 -8642.17 169.969 -452460 0.271447 0.219873
155 230.649 -9333.06 169.969 -452460 0.268323 0.220895
156 227.913 -10015.3 169.969 -452460 0.26514 0.221846
157 225.12 -10688 169.969 -452460 0.261891 0.222727
158 222.267 -11350.3 169.969 -452460 0.258573 0.223538
159 219.354 -12001.6 169.969 -452460 0.255183 0.224281
160 216.38 -12641.2 169.969 -452460 0.251724 0.224954
161 213.349 -13268.7 169.969 -452460 0.248198 0.225559
162 210.265 -13883.7 169.969 -452460 0.24461 0.226096
163 207.132 -14485.9 169.969 -452460 0.240966 0.226564
164 203.958 -15075 169.969 -452460 0.237273 0.226964
165 200.748 -15650.9 169.969 -452460 0.233538 0.227296
166 197.509 -16213.4 169.969 -452460 0.22977 0.227561
167 194.248 -16762.4 169.969 -452460 0.225976 0.227759
168 190.971 -17297.9 169.969 -452460 0.222164 0.22789
169 187.685 -17819.8 169.969 -452460 0.218342 0.227955
170 184.396 -18328.1 169.969 -452460 0.214516 0.227953
171 181.11 -18822.9 169.969 -452460 0.210692 0.227886
172 177.829 -19304.1 169.969 -452460 0.206876 0.227754
173 174.56 -19771.7 169.969 -452460 0.203073 0.227558
174 171.305 -20225.7 169.969 -452460 0.199286 0.227298
175 168.067 -20666.1 169.969 -452460 0.19552 0.226974
176 164.848 -21093 169.969 -452460 0.191775 0.226589
177 161.65 -21506.3 169.969 -452460 0.188054 0.226141
178 158.474 -21906 169.969 -452460 0.184359 0.225633
179 155.32 -22292.2 169.969 -452460 0.180691 0.225065
180 152.19 -22664.8 169.969 -452460 0.177049 0.224437
181 149.082 -23023.9 169.969 -452460 0.173433 0.223752
182 145.998 -23369.5 169.969 -452460 0.169846 0.223009
183 142.937 -23701.6 169.969 -452460 0.166285 0.222211
184 139.9 -24020.3 169.969 -452460 0.162752 0.221358
185 136.888 -24325.7 169.969 -452460 0.159247 0.220452
186 133.9 -24617.9 169.969 -452460 0.155771 0.219494
187 130.938 -24897.1 169.969 -452460 0.152326 0.218485
188 128.005 -25163.4 169.969 -452460 0.148913 0.217428
189 125.101 -25417 169.969 -452460 0.145536 0.216324
190 122.232 -25658.2 169.969 -452460 0.142197 0.215174
191 119.4 -25887.3 169.969 -452460 0.138902 0.21398
192 116.609 -26104.6 169.969 -452460 0.135656 0.212745
193 113.867 -26310.5 169.969 -452460 0.132466 0.21147
194 111.178 -26505.5 169.969 -452460 0.129337 0.210157
195 108.55 -26690 169.969 -452460 0.12628 0.208808
196 105.991 -26864.5 169.969 -452460 0.123304 0.207426
197 103.511 -27029.6 169.969 -452460 0.120418 0.206011
198 101.119 -27185.8 169.969 -452460 0.117635 0.204566
199 98.8252 -27333.9 169.969 -452460 0.114967 0.203093
200 96.6422 -27474.3 169.969 -452460 0.112428 0.201593
201 94.5816 -27607.9 169.969 -452460 0.110031 0.200067
202 92.656 -27735.2 169.969 -452460 0.107791 0.198518
203 90.8788 -27857 169.969 -452460 0.105723 0.196944
204 89.2633 -27973.8 169.969 -452460 0.103844 0.195348
205 87.8232 -28086.5 169.969 -452460 0.102168 0.19373
206 86.5721 -28195.6 169.969 -452460 0.100713 0.192089
207 85.5236 -28301.7 169.969 -452460 0.0994932 0.190424
208 84.6907 -28405.4 169.969 -452460 0.0985242 0.188736
209 84.0859 -28507.2 169.969 -452460 0.0978206 0.187023
210 83.7206 -28607.5 169.969 -452460 0.0973956 0.185283
211 83.6053 -28706.7 169.969 -452460 0.0972616 0.183514
212 83.7492 -28805.1 169.969 -452460 0.0974289 0.181714
213 84.1597 -28902.8 169.969 -452460 0.0979065 0.17988
214 84.8425 -28999.9 169.969 -452460 0.0987008 0.17801
215 85.8012 -29096.3 169.969 -452460 0.099816 0.1761
216 87.037 -29191.9 169.969 -452460 0.101254 0.174148
217 88.549 -29286.4 169.969 -452460 0.103013 0.17215
218 90.3337 -29379.4 169.969 -452460 0.105089 0.170104
219 92.385 -29470.3 169.969 -452460 0.107475 0.168008
220 94.6942 -29558.6 169.969 -452460 0.110162 0.165858
221 97.2501 -29643.3 169.969 -452460 0.113135 0.163653
222 100.039 -29723.7 169.969 -452460 0.11638 0.161391
223 103.046 -29798.6 169.969 -452460 0.119877 0.159071
224 106.252 -29867.1 169.969 -452460 0.123607 0.156693
225 109.638 -29928 169.969 -452460 0.127546 0.154256
226 113.183 -29980 169.969 -452460 0.131671 0.151762
227 116.866 -30021.9 169.969 -452460 0.135955 0.149211
228 120.663 -30052.3 169.969 -452460 0.140373 0.146605
229 124.553 -30069.9 169.969 -452460 0.144897 0.143945
230 128.512 -30073.4 169.969 -452460 0.149503 0.141235
231 132.519 -30061.4 169.969 -452460 0.154165 0.138476
232 136.553 -30032.6 169.969 -452460 0.158858 0.135671
233 140.595 -29985.8 169.969 -452460 0.16356 0.132825
234 144.627 -29919.8 169.969 -452460 0.16825 0.129939
235 148.633 -29833.4 169.969 -452460 0.172911 0.127017
236 152.6 -29725.8 169.969 -452460 0.177526 0.124061
237 156.517 -29595.9 169.969 -452460 0.182083 0.121076
238 160.377 -29443 169.969 -452460 0.186573 0.118064
239 164.172 -29266.3 169.969 -452460 0.190989 0.115027
240 167.902 -29065.3 169.969 -452460 0.195327 0.111968
241 171.566 -28839.5 169.969 -452460 0.19959 0.108889
242 175.166 -28588.7 169.969 -452460 0.203778 0.105791
243 178.708 -28312.6 169.969 -452460 0.207899 0.102676
244 182.2 -28011.1 169.969 -452460 0.211961 0.0995448
245 185.652 -27684.3 169.969 -452460 0.215976 0.0963984
246 189.075 -27332.3 169.969 -452460 0.219958 0.093237
247 192.482 -26955.5 169.969 -452460 0.223922 0.0900608
248 195.889 -26554.1 169.969 -452460 0.227886 0.0868695
249 199.31 -26128.6 169.969 -452460 0.231866 0.0836627
250 202.763 -25679.5 169.969 -452460 0.235882 0.0804394
251 206.261 -25207.4 169.969 -452460 0.239952 0.0771989
252 209.822 -24712.9 169.969 -452460 0.244095 0.07394
253 213.46 -24196.7 169.969 -452460 0.248327 0.0706614
254 217.188 -23659.4 169.969 -452460 0.252663 0.0673617
255 221.017 -23101.7 169.969 -452460 0.257118 0.0640397
256 224.958 -22524.3 169.969 -452460 0.261703 0.0606938
257 229.018 -21927.9 169.969 -452460 0.266426 0.057323
258 233.2 -21313 169.969 -452460 0.271292 0.0539259
259 237.507 -20680.4 169.969 -452460 0.276302 0.0505016
260 241.938 -20030.7 169.969 -452460 0.281456 0.0470495
261 246.486 -19364.4 169.969 -452460 0.286748 0.0435691
262 251.146 -18682 169.969 -452460 0.292169 0.0400602
263 255.907 -17984.1 169.969 -452460 0.297707 0.0365233
264 260.754 -17271.1 169.969 -452460 0.303346 0.032959
265 265.674 -16543.5 169.969 -452460 0.30907 0.0293684
266 270.649 -15801.9 169.969 -452460 0.314857 0.0257532
267 275.659 -15046.6 169.969 -452460 0.320686 0.0221154
268 280.686 -14275.3 169.969 -452460 0.326533 0.0184576
269 285.707 -13489.9 169.969 -452460 0.332375 0.0147826
270 290.705 -12692.6 169.969 -452460 0.338189 0.0110939
271 295.658 -11884 169.969 -452460 0.343951 0.00739525
272 300.549 -11064.7 169.969 -452460 0.349641 0.00369063
273 305.362 -10235.6 169.969 -452460 0.355241 -1.55719e-05
274 310.083 -9397.35 169.969 -452460 0.360732 -0.00371879
275 314.699 -8550.93 169.969 -452460 0.366102 -0.0074143
276 319.201 -7697.32 169.969 -452460 0.37134 -0.0110972
277 323.583 -6837.57 169.969 -452460 0.376437 -0.0147627
278 327.839 -5971.44 169.969 -452460 0.381389 -0.0184059
279 331.969 -5097.96 169.969 -452460 0.386193 -0.0220217
280 335.972 -4222.07 169.969 -452460 0.39085 -0.0256056
281 339.852 -3345.11 169.969 -452460 0.395364 -0.0291527
282 343.614 -2468.44 169.969 -452460 0.39974 -0.0326585
283 347.265 -1593.47 169.969 -452460 0.403987 -0.0361186
284 350.811 -721.586 169.969 -452460 0.408113 -0.0395286
285 354.261 147.305 169.969 -452460 0.412127 -0.0428845
286 357.624 1011.65 169.969 -452460 0.416038 -0.0461823
287 360.904 1872.81 169.969 -452460 0.419855 -0.0494179
288 364.107 2733.5 169.969 -452460 0.42358 -0.0525877
289 367.235 3584.09 169.969 -452460 0.427219 -0.0556878
290 370.294 4423.57 169.969 -452460 0.430778 -0.0587146
291 373.287 5251 169.969 -452460 0.43426 -0.0616643
292 376.217 6065.62 169.969 -452460 0.437669 -0.0645334
293 379.084 6866.76 169.969 -452460 0.441004 -0.0673181
294 381.888 7653.91 169.969 -452460 0.444266 -0.070015
295 384.626 8426.73 169.969 -452460 0.447452 -0.0726202
296 387.296 9185 169.969 -452460 0.450558 -0.0751303
297 389.895 9928.68 169.969 -452460 0.45358 -0.0775416
298 392.413 10672.5 169.969 -452460 0.45651 -0.0798503
299 394.843 11409.2 169.969 -452460 0.459337 -0.0820527
300 397.18 12131.4 169.969 -452460 0.462055 -0.0841453
301 399.419 12839.9 169.969 -452460 0.464661 -0.0861244
302 401.56 13536.3 169.969 -452460 0.467152 -0.0879864
303 403.6 14221 169.969 -452460 0.469525 -0.0897278
304 405.538 14894.3 169.969 -452460 0.47178 -0.0913452
305 407.375 15557.2 169.969 -452460 0.473916 -0.0928353
306 409.109 16211.6 169.969 -452460 0.475934 -0.0941948
307 410.742 16864.2 169.969 -452460 0.477833 -0.0954207
308 412.273 17514.8 169.969 -452460 0.479614 -0.0965099
309 413.702 18158.9 169.969 -452460 0.481276 -0.0974596
310 415.027 18809.8 169.969 -452460 0.482818 -0.0982668
311 416.246 19461.5 169.969 -452460 0.484236 -0.098929
312 417.355 20117.9 169.969 -452460 0.485526 -0.0994435
313 418.352 20776.8 169.969 -452460 0.486686 -0.099808
314 419.233 21440.2 169.969 -452460 0.487711 -0.10002
315 419.995 22105 169.969 -452460 0.488597 -0.100078
316 420.634 22772.6 169.969 -452460 0.48934 -0.0999788
317 421.143 23444.2 169.969 -452460 0.489933 -0.0997219
318 421.516 24121.3 169.969 -452460 0.490367 -0.0993052
319 421.745 24804.8 169.969 -452460 0.490633 -0.0987277
320 421.822 25495.9 169.969 -452460 0.490722 -0.0979883
321 421.738 26195.5 169.969 -452460 0.490625 -0.0970863
322 421.484 26919.3 169.969 -452460 0.49033 -0.0960214
323 421.048 27674.8 169.969 -452460 0.489822 -0.0947938
324 420.421 28450.9 169.969 -452460 0.489093 -0.0934039
325 419.601 29241.8 169.969 -452460 0.488139 -0.0918526
326 418.591 30049.4 169.969 -452460 0.486964 -0.0901415
327 417.397 30869.3 169.969 -452460 0.485575 -0.0882724
328 416.033 31697.8 169.969 -452460 0.483988 -0.0862475
329 414.515 32543.5 169.969 -452460 0.482222 -0.0840693
330 412.862 33398 169.969 -452460 0.480299 -0.081741
331 411.102 34257.5 169.969 -452460 0.478252 -0.0792654
332 409.268 35122.8 169.969 -452460 0.476118 -0.0766459
333 407.391 36002.1 169.969 -452460 0.473935 -0.0738858
334 405.506 36884 169.969 -452460 0.471742 -0.0709882
335 403.646 37779.3 169.969 -452460 0.469579 -0.0679561
336 401.847 38671.4 169.969 -452460 0.467485 -0.0647924
337 400.142 39557.3 169.969 -452460 0.465501 -0.0614994
338 398.563 40435.4 169.969 -452460 0.463665 -0.0580793
339 397.138 41308.8 169.969 -452460 0.462007 -0.0545337
340 395.885 42170.9 169.969 -452460 0.460549 -0.0508638
341 394.816 43020.9 169.969 -452460 0.459305 -0.0470704
342 393.934 43861.8 169.969 -452460 0.45828 -0.0431538
343 393.235 44692.1 169.969 -452460 0.457466 -0.0391144
344 392.697 45529.1 169.969 -452460 0.456841 -0.0349521
345 392.29 46368 169.969 -452460 0.456367 -0.0306672
346 391.98 47193.2 169.969 -452460 0.456007 -0.02626
347 391.736 48004.5 169.969 -452460 0.455722 -0.0217312
348 391.519 48802.1 169.969 -452460 0.45547 -0.0170821
349 391.292 49586.6 169.969 -452460 0.455207 -0.0123143
350 391.018 50358.2 169.969 -452460 0.454887 -0.00743035
351 390.659 51119.6 169.969 -452460 0.45447 -0.00243348
352 390.181 51882.1 169.969 -452460 0.453914 0.00267227
353 389.555 52632.5 169.969 -452460 0.453186 0.00788194
354 388.76 53370.6 169.969 -452460 0.452261 0.0131897
355 387.779 54106.6 169.969 -452460 0.451119 0.0185891
356 386.604 54837.7 169.969 -452460 0.449752 0.0240726
357 385.234 55554.8 169.969 -452460 0.448159 0.0296323
358 383.677 56256.6 169.969 -452460 0.446348 0.0352597
359 381.945 56941.7 169.969 -452460 0.444332 0.0409461
360 380.054 57608.6 169.969 -452460 0.442133 0.0466825
361 378.028 58255.6 169.969 -452460 0.439776 0.0524597
362 375.892 58881 169.969 -452460 0.43729 0.0582688
363 373.672 59485.1 169.969 -452460 0.434708 0.0641009
364 371.397 60073.9 169.969 -452460 0.432062 0.0699477
365 369.094 60636.5 169.969 -452460 0.429382 0.075801
366 366.787 61170.8 169.969 -452460 0.426699 0.0816533
367 364.502 61685.7 169.969 -452460 0.42404 0.0874974
368 362.258 62177 169.969 -452460 0.42143 0.0933268
369 360.069 62638.8 169.969 -452460 0.418884 0.0991354
370 357.941 63074.7 169.969 -452460 0.416408 0.104918
371 355.871 63480.1 169.969 -452460 0.413999 0.110668
372 353.848 63860.2 169.969 -452460 0.411646 0.116381
373 351.85 64218.4 169.969 -452460 0.409322 0.122053
374 349.85 64548.3 169.969 -452460 0.406995 0.127677
375 347.812 64851.6 169.969 -452460 0.404625 0.133248
376 345.694 65130.5 169.969 -452460 0.40216 0.138761
377 343.445 65397.2 169.969 -452460 0.399544 0.144209
378 341.011 65657.6 169.969 -452460 0.396713 0.149585
379 338.336 65902.3 169.969 -452460 0.3936 0.154882
380 335.362 66134.4 169.969 -452460 0.390141 0.160091
381 332.036 66356.9 169.969 -452460 0.386271 0.165203
382 328.308 66573.6 169.969 -452460 0.381934 0.170209
383 324.141 66788.3 169.969 -452460 0.377086 0.175098
384 319.506 67001.9 169.969 -452460 0.371694 0.17986
385 314.39 67216.6 169.969 -452460 0.365743 0.184486
386 308.799 67433.9 169.969 -452460 0.359238 0.188965
387 302.753 67655.1 169.969 -452460 0.352205 0.193287
388 296.292 67880.8 169.969 -452460 0.344689 0.197445
389 289.477 68110.8 169.969 -452460 0.336761 0.20143
390 282.384 68344.7 169.969 -452460 0.328509 0.205238
391 275.104 68581.3 169.969 -452460 0.320039 0.208864
392 267.738 68828.2 169.969 -452460 0.311471 0.212306
393 260.399 69073.9 169.969 -452460 0.302932 0.215565
394 253.201 69316 169.969 -452460 0.294559 0.218642
395 246.261 69552.3 169.969 -452460 0.286485 0.221541
396 239.687 69780.6 169.969 -452460 0.278838 0.224269
397 233.578 70004.8 169.969 -452460 0.27173 0.226831
398 228.016 70220.1 169.969 -452460 0.26526 0.229236
399 223.07 70431.9 169.969 -452460 0.259506 0.231493
400 218.787 70631.4 169.969 -452460 0.254524 0.233611
401 215.193 70815.8 169.969 -452460 0.250342 0.235601
402 212.287 70985 169.969 -452460 0.246962 0.23747
403 210.048 71139.4 169.969 -452460 0.244357 0.239228
404 208.433 71279.9 169.969 -452460 0.242479 0.240882
405 207.381 71407.9 169.969 -452460 0.241255 0.242441
406 206.816 71525.2 169.969 -452460 0.240598 0.243909
407 206.649 71633.7 169.969 -452460 0.240403 0.245292
408 206.785 71735.6 169.969 -452460 0.240561 0.246595
409 207.125 71833 169.969 -452460 0.240957 0.247821
410 207.573 71928.1 169.969 -452460 0.241479 0.248972
411 208.037 72022.9 169.969 -452460 0.242018 0.250051
412 208.433 72118.9 169.969 -452460 0.242479 0.251059
413 208.691 72217.4 169.969 -452460 0.242779 0.251997
414 208.753 72319.3 169.969 -452460 0.242851 0.252865
415 208.58 72424.8 169.969 -452460 0.24265 0.253664
416 208.149 72533.9 169.969 -452460 0.242148 0.254394
417 207.454 72645.6 169.969 -452460 0.24134 0.255055
418 206.509 72758.8 169.969 -452460 0.240241 0.255648
419 205.344 72873.8 169.969 -452460 0.238885 0.256173
420 204.003 72988.2 169.969 -452460 0.237325 0.256629
421 202.546 73097.5 169.969 -452460 0.23563 0.257019
422 201.042 73199.3 169.969 -452460 0.233881 0.257342
423 199.569 73289 169.969 -452460 0.232167 0.257598
424 198.21 73363.2 169.969 -452460 0.230585 0.25779
425 197.048 73418.4 169.969 -452460 0.229234 0.257916
426 196.165 73451.3 169.969 -452460 0.228207 0.257979
427 195.639 73464.5 169.969 -452460 0.227595 0.257978
428 195.538 73450.9 169.969 -452460 0.227477 0.257914
429 195.918 73406.9 169.969 -452460 0.227919 0.257787
430 196.821 73330.4 169.969 -452460 0.22897 0.257597
431 198.273 73223 169.969 -452460 0.230659 0.257343
432 200.282 73080.7 169.969 -452460 0.232996 0.257025
433 202.836 72902.7 169.969 -452460 0.235968 0.256643
434 205.908 72690.6 169.969 -452460 0.239541 0.256194
435 209.448 72445.9 169.969 -452460 0.243659 0.255679
436 213.393 72167.2 169.969 -452460 0.248248 0.255096
437 217.665 71856 169.969 -452460 0.253218 0.254445
438 222.173 71520.9 169.969 -452460 0.258464 0.253725
439 226.819 71162.1 169.969 -452460 0.263867 0.252936
440 231.496 70777.9 169.969 -452460 0.269309 0.25208
441 236.102 70370.9 169.969 -452460 0.274667 0.251157
442 240.535 69946.4 169.969 -452460 0.279824 0.250168
443 244.699 69505.9 169.969 -452460 0.284669 0.249116
444 248.511 69050.1 169.969 -452460 0.289103 0.248003
445 251.898 68580.8 169.969 -452460 0.293043 0.246833
446 254.805 68099.4 169.969 -452460 0.296425 0.245609
447 257.194 67607 169.969 -452460 0.299205 0.244334
448 259.05 67103.9 169.969 -452460 0.301363 0.243011
449 260.373 66590.3 169.969 -452460 0.302902 0.241644
450 261.187 66069.3 169.969 -452460 0.30385 0.240236
451 261.536 65536.7 169.969 -452460 0.304256 0.238789
452 261.48 64990.7 169.969 -452460 0.30419 0.237306
453 261.093 64429.4 169.969 -452460 0.30374 0.235788
454 260.462 63850.8 169.969 -452460 0.303006 0.234237
455 259.683 63252.6 169.969 -452460 0.3021 0.232652
456 258.854 62632.4 169.969 -452460 0.301136 0.231033
457 258.076 61988 169.969 -452460 0.30023 0.22938
458 257.441 61317.5 169.969 -452460 0.299492 0.22769
459 257.038 60618.9 169.969 -452460 0.299022 0.225963
460 256.941 59895.2 169.969 -452460 0.29891 0.224195
461 257.213 59151.1 169.969 -452460 0.299227 0.222383
462 257.901 58378.9 169.969 -452460 0.300027 0.220525
463 259.028 57575.7 169.969 -452460 0.301338 0.218617
464 260.599 56742.1 169.969 -452460 0.303166 0.216656
465 262.601 55879.2 169.969 -452460 0.305495 0.21464
466 265.004 54990.2 169.969 -452460 0.30829 0.212564
467 267.762 54077 169.969 -452460 0.311499 0.210427
468 270.819 53140.8 169.969 -452460 0.315054 0.208228
469 274.106 52184.6 169.969 -452460 0.318879 0.205966
470 277.554 51211.4 169.969 -452460 0.32289 0.20364
471 281.087 50224.5 169.969 -452460 0.327 0.201251
472 284.632 49227.1 169.969 -452460 0.331124 0.198801
473 288.122 48223.2 169.969 -452460 0.335184 0.196292
474 291.495 47220.1 169.969 -452460 0.339108 0.193727
475 294.701 46219.1 169.969 -452460 0.342838 0.191109
476 297.701 45224.6 169.969 -452460 0.346328 0.188443
477 300.467 44233.6 169.969 -452460 0.349546 0.185731
478 302.984 43246 169.969 -452460 0.352474 0.18298
479 305.25 42262.9 169.969 -452460 0.355109 0.180192
480 307.272 41284.7 169.969 -452460 0.357463 0.177372
481 309.074 40311.6 169.969 -452460 0.359558 0.174523
482 310.684 39347.6 169.969 -452460 0.361432 0.171649
483 312.146 38396.4 169.969 -452460 0.363132 0.168753
484 313.505 37454.5 169.969 -452460 0.364714 0.165838
485 314.813 36516.2 169.969 -452460 0.366234 0.162905
486 316.117 35578.9 169.969 -452460 0.367752 0.159955
487 317.468 34641.1 169.969 -452460 0.369324 0.15699
488 318.913 33705.3 169.969 -452460 0.371005 0.154009
489 320.496 32768.4 169.969 -452460 0.372846 0.151015
490 322.254 31826.6 169.969 -452460 0.374891 0.148005
491 324.217 30878.5 169.969 -452460 0.377175 0.144981
492 326.409 29926.4 169.969 -452460 0.379725 0.141942
493 328.844 28967 169.969 -452460 0.382557 0.138888
494 331.527 28002 169.969 -452460 0.385679 0.135819
495 334.46 27044.6 169.969 -452460 0.389091 0.132736
496 337.633 26077.9 169.969 -452460 0.392783 0.12964
497 341.027 25102.3 169.969 -452460 0.396731 0.126532
498 344.615 24126 169.969 -452460 0.400905 0.123414
499 348.366 23146 169.969 -452460 0.405269 0.120289
500 352.243 22165.5 169.969 -452460 0.409779 0.11716
501 356.204 21186.3 169.969 -452460 0.414387 0.114031
502 360.203 20203.9 169.969 -452460 0.419039 0.110906
503 364.19 19224.3 169.969 -452460 0.423678 0.107791
504 368.118 18252.8 169.969 -452460 0.428246 0.104691
505 371.939 17309.4 169.969 -452460 0.432692 0.101612
506 375.609 16378.4 169.969 -452460 0.436961 0.098561
507 379.08 15457.5 169.969 -452460 0.440999 0.0955446
508 382.308 14551.2 169.969 -452460 0.444755 0.0925697
509 385.255 13671 169.969 -452460 0.448183 0.0896432
510 387.888 12807 169.969 -452460 0.451246 0.0867719
511 390.174 11957.3 169.969 -452460 0.453905 0.0839622
512 392.085 11123.5 169.969 -452460 0.456129 0.0812205
513 393.602 10315.3 169.969 -452460 0.457893 0.0785524
514 394.71 9525.27 169.969 -452460 0.459183 0.0759631
515 395.405 8765.48 169.969 -452460 0.459991 0.073457
516 395.689 8041.34 169.969 -452460 0.460322 0.0710379
517 395.573 7340.03 169.969 -452460 0.460187 0.0687086
518 395.07 6662.92 169.969 -452460 0.459601 0.0664714
519 394.199 6009.88 169.969 -452460 0.458587 0.0643274
520 392.986 5376.54 169.969 -452460 0.457177 0.0622772
521 391.463 4762.19 169.969 -452460 0.455405 0.0603205
522 389.667 4169.65 169.969 -452460 0.453315 0.0584563
523 387.637 3595.53 169.969 -452460 0.450954 0.056683
524 385.417 3037.92 169.969 -452460 0.448371 0.0549984
525 383.053 2496.88 169.969 -452460 0.445621 0.0533998
526 380.592 1968.91 169.969 -452460 0.442758 0.0518842
527 378.081 1452.51 169.969 -452460 0.439837 0.050448
528 375.565 946.227 169.969 -452460 0.43691 0.0490879
529 373.088 451.006 169.969 -452460 0.434028 0.0478
530 370.69 -37.046 169.969 -452460 0.431238 0.0465807
531 368.406 -519.184 169.969 -452460 0.428582 0.0454264
532 366.268 -996.511 169.969 -452460 0.426095 0.0443335
533 364.301 -1469.96 169.969 -452460 0.423806 0.0432989
534 362.522 -1940.25 169.969 -452460 0.421737 0.0423194
535 360.944 -2407.93 169.969 -452460 0.419902 0.0413923
536 359.572 -2873.28 169.969 -452460 0.418305 0.0405153
537 358.403 -3336.41 169.969 -452460 0.416945 0.0396862
538 357.43 -3797.2 169.969 -452460 0.415813 0.0389035
539 356.637 -4255.33 169.969 -452460 0.41489 0.0381657
540 356.004 -4710.3 169.969 -452460 0.414155 0.037472
541 355.508 -5161.45 169.969 -452460 0.413577 0.0368218
542 355.117 -5608 169.969 -452460 0.413123 0.0362148
543 354.801 -6049.03 169.969 -452460 0.412755 0.035651
544 354.525 -6483.58 169.969 -452460 0.412434 0.0351306
545 354.254 -6910.64 169.969 -452460 0.412118 0.0346543
546 353.95 -7329.15 169.969 -452460 0.411765 0.0342225
547 353.579 -7738.11 169.969 -452460 0.411334 0.0338362
548 353.107 -8136.54 169.969 -452460 0.410784 0.033496
549 352.501 -8523.51 169.969 -452460 0.410079 0.0332028
550 351.732 -8896.73 169.969 -452460 0.409184 0.0329574
551 350.774 -9255.33 169.969 -452460 0.40807 0.0327605
552 349.605 -9600.15 169.969 -452460 0.40671 0.0326125
553 348.207 -9930.73 169.969 -452460 0.405083 0.0325137
554 346.564 -10246.7 169.969 -452460 0.403173 0.0324643
555 344.668 -10548 169.969 -452460 0.400966 0.0324639
556 342.511 -10834.5 169.969 -452460 0.398457 0.0325122
557 340.091 -11106.4 169.969 -452460 0.395642 0.0326081
558 337.412 -11363.8 169.969 -452460 0.392525 0.0327507
559 334.477 -11607.3 169.969 -452460 0.389111 0.0329383
560 331.297 -11837.3 169.969 -452460 0.385411 0.033169
561 327.882 -12054.5 169.969 -452460 0.381439 0.0334406
562 324.247 -12259.5 169.969 -452460 0.37721 0.0337506
563 320.409 -12453.3 169.969 -452460 0.372746 0.0340961
564 316.386 -12636.5 169.969 -452460 0.368065 0.034474
565 312.197 -12810.3 169.969 -452460 0.363192 0.0348807
566 307.862 -12975.4 169.969 -452460 0.358149 0.0353127
567 303.402 -13133 169.969 -452460 0.35296 0.0357661
568 298.837 -13283.9 169.969 -452460 0.347649 0.0362368
569 294.187 -13429.1 169.969 -452460 0.34224 0.0367207
570 289.471 -13569.5 169.969 -452460 0.336754 0.0372134
571 284.709 -13706.2 169.969 -452460 0.331214 0.0377107
572 279.918 -13839.8 169.969 -452460 0.32564 0.0382081
573 275.112 -13971.3 169.969 -452460 0.32005 0.0387011
574 270.308 -14101.4 169.969 -452460 0.314461 0.0391855
575 265.518 -14230.8 169.969 -452460 0.308888 0.0396568
576 260.754 -14360 169.969 -452460 0.303346 0.0401108
577 256.025 -14489.7 169.969 -452460 0.297845 0.0405432
578 251.341 -14620.3 169.969 -452460 0.292395 0.04095
579 246.708 -14752.2 169.969 -452460 0.287005 0.0413271
580 242.132 -14885.8 169.969 -452460 0.281682 0.0416708
581 237.618 -15021.3 169.969 -452460 0.276431 0.0419773
582 233.17 -15158.9 169.969 -452460 0.271257 0.0422431
583 228.791 -15298.8 169.969 -452460 0.266162 0.0424649
584 224.483 -15441.1 169.969 -452460 0.26115 0.0426395
585 220.248 -15585.8 169.969 -452460 0.256223 0.0427639
586 216.087 -15733 169.969 -452460 0.251383 0.0428353
587 212.001 -15882.6 169.969 -452460 0.24663 0.0428511
588 207.993 -16034.4 169.969 -452460 0.241966 0.0428089
589 204.062 -16188.6 169.969 -452460 0.237394 0.0427065
590 200.212 -16344.8 169.969 -452460 0.232915 0.0425417
591 196.444 -16503.1 169.969 -452460 0.228532 0.0423129
592 192.762 -16663.3 169.969 -452460 0.224248 0.0420183
593 189.169 -16825.2 169.969 -452460 0.220068 0.0416565
594 185.67 -16988.7 169.969 -452460 0.215997 0.041226
595 182.27 -17153.2 169.969 -452460 0.212042 0.0407259
596 178.977 -17319.2 169.969 -452460 0.208211 0.0401549
597 175.798 -17486.8 169.969 -452460 0.204513 0.0395123
598 172.743 -17655.7 169.969 -452460 0.200959 0.0387971
599 169.822 -17826.1 169.969 -452460 0.197561 0.0380086
600 167.047 -17997.8 169.969 -452460 0.194333 0.037146
601 164.431 -18170.9 169.969 -452460 0.191289 0.0362086
602 161.987 -18345.4 169.969 -452460 0.188446 0.0351955
603 159.73 -18521.3 169.969 -452460 0.18582 0.0341059
604 157.675 -18698.6 169.969 -452460 0.18343 0.0329388
605 155.838 -18877.5 169.969 -452460 0.181293 0.031693
606 154.235 -19057.8 169.969 -452460 0.179427 0.0303671
607 152.881 -19239.7 169.969 -452460 0.177852 0.0289594
608 151.791 -19422.7 169.969 -452460 0.176585 0.0274679
609 150.981 -19606.7 169.969 -452460 0.175643 0.0258905
610 150.464 -19792 169.969 -452460 0.175041 0.0242245
611 150.251 -19978.4 169.969 -452460 0.174794 0.022467
612 150.354 -20166 169.969 -452460 0.174913 0.0206146
613 150.78 -20354.3 169.969 -452460 0.175409 0.0186639
614 151.537 -20543.1 169.969 -452460 0.176289 0.0166108
615 152.628 -20731.8 169.969 -452460 0.177559 0.0144512
616 154.056 -20920.6 169.969 -452460 0.17922 0.0121809
617 155.82 -21109.1 169.969 -452460 0.181272 0.00979524
618 157.918 -21296.7 169.969 -452460 0.183712 0.00728995
619 160.344 -21483.2 169.969 -452460 0.186534 0.0046606
620 163.091 -21667.8 169.969 -452460 0.18973 0.00190306
621 166.15 -21850.1 169.969 -452460 0.193289 -0.000986516
622 169.509 -22029.5 169.969 -452460 0.197197 -0.00401152
623 173.158 -22204.9 169.969 -452460 0.201441 -0.00717477
624 177.081 -22376.3 169.969 -452460 0.206005 -0.0104784
625 181.263 -22543 169.969 -452460 0.210871 -0.0139239
626 185.69 -22704.7 169.969 -452460 0.21602 -0.0175118
627 190.344 -22860.9 169.969 -452460 0.221435 -0.0212415
628 195.21 -23011.1 169.969 -452460 0.227095 -0.0251119
629 200.269 -23155 169.969 -452460 0.232982 -0.0291204
630 205.507 -23292.3 169.969 -452460 0.239075 -0.0332637
631 210.905 -23422.7 169.969 -452460 0.245355 -0.0375372
632 216.448 -23545.9 169.969 -452460 0.251803 -0.0419357
633 222.118 -23661.7 169.969 -452460 0.258399 -0.0464526
634 227.899 -23770 169.969 -452460 0.265125 -0.0510807
635 233.775 -23870.4 169.969 -452460 0.27196 -0.0558119
636 239.729 -23963 169.969 -452460 0.278887 -0.0606374
637 245.744 -24047.4 169.969 -452460 0.285884 -0.0655478
638 251.802 -24123.7 169.969 -452460 0.292932 -0.0705329
639 257.886 -24191.4 169.969 -452460 0.30001 -0.0755823
640 263.976 -24250.4 169.969 -452460 0.307095 -0.0806852
641 270.053 -24300.5 169.969 -452460 0.314164 -0.0858304
642 276.095 -24341.3 169.969 -452460 0.321193 -0.0910065
643 282.081 -24372.4 169.969 -452460 0.328156 -0.0962022
644 287.987 -24393.4 169.969 -452460 0.335027 -0.101406
645 293.788 -24403.7 169.969 -452460 0.341776 -0.106606
646 299.46 -24402.9 169.969 -452460 0.348375 -0.111792
647 304.977 -24390.2 169.969 -452460 0.354792 -0.116952
648 310.311 -24365.1 169.969 -452460 0.360998 -0.122075
649 315.437 -24326.8 169.969 -452460 0.366961 -0.127151
650 320.327 -24274.6 169.969 -452460 0.37265 -0.132169
651 324.957 -24207.7 169.969 -452460 0.378036 -0.137121
652 329.3 -24125.4 169.969 -452460 0.383089 -0.141996
653 333.335 -24026.9 169.969 -452460 0.387783 -0.146787
654 337.041 -23911.6 169.969 -452460 0.392094 -0.151486
655 340.399 -23778.6 169.969 -452460 0.396 -0.156085
656 343.394 -23627.5 169.969 -452460 0.399484 -0.160578
657 346.014 -23457.5 169.969 -452460 0.402532 -0.164959
658 348.251 -23265.5 169.969 -452460 0.405135 -0.169224
659 350.102 -23054 169.969 -452460 0.407288 -0.173369
660 351.567 -22822.6 169.969 -452460 0.408992 -0.177391
661 352.65 -22571.3 169.969 -452460 0.410252 -0.181288
662 353.359 -22299.9 169.969 -452460 0.411077 -0.185058
663 353.708 -22008.6 169.969 -452460 0.411483 -0.188702
664 353.713 -21697.5 169.969 -452460 0.411489 -0.192219
665 353.395 -21367 169.969 -452460 0.411119 -0.195611
666 352.778 -21017.4 169.969 -452460 0.410401 -0.198879
667 351.89 -20649.2 169.969 -452460 0.409368 -0.202026
668 350.761 -20263.1 169.969 -452460 0.408054 -0.205056
669 349.423 -19859.7 169.969 -452460 0.406498 -0.207971
670 347.91 -19439.8 169.969 -452460 0.404738 -0.210777
671 346.259 -19004.1 169.969 -452460 0.402817 -0.213477
672 344.506 -18549.6 169.969 -452460 0.400779 -0.216075
673 342.69 -18079.6 169.969 -452460 0.398666 -0.218578
674 340.848 -17596.6 169.969 -452460 0.396522 -0.22099
675 339.015 -17101.4 169.969 -452460 0.39439 -0.223316
676 337.227 -16595 169.969 -452460 0.39231 -0.225561
677 335.517 -16078.1 169.969 -452460 0.390321 -0.22773
678 333.919 -15546.9 169.969 -452460 0.388461 -0.229829
679 332.462 -15005.2 169.969 -452460 0.386766 -0.231862
680 331.173 -14455.2 169.969 -452460 0.385268 -0.233833
681 330.077 -13897.6 169.969 -452460 0.383993 -0.235748
682 329.195 -13332.7 169.969 -452460 0.382966 -0.237609
683 328.542 -12761 169.969 -452460 0.382206 -0.239422
684 328.133 -12182.8 169.969 -452460 0.38173 -0.241188
685 327.976 -11598.2 169.969 -452460 0.381548 -0.242912
686 328.077 -11007.3 169.969 -452460 0.381666 -0.244596
687 328.437 -10410.2 169.969 -452460 0.382084 -0.246242
688 329.052 -9806.51 169.969 -452460 0.3828 -0.247851
689 329.916 -9196.19 169.969 -452460 0.383805 -0.249427
690 331.017 -8578.86 169.969 -452460 0.385086 -0.250968
691 332.341 -7954.14 169.969 -452460 0.386626 -0.252477
692 333.868 -7321.58 169.969 -452460 0.388403 -0.253952
693 335.579 -6680 169.969 -452460 0.390392 -0.255394
694 337.449 -6029.53 169.969 -452460 0.392568 -0.256802
695 339.453 -5369.88 169.969 -452460 0.3949 -0.258175
696 341.566 -4700.56 169.969 -452460 0.397358 -0.259511
697 343.761 -4020.81 169.969 -452460 0.399911 -0.260809
698 346.012 -3326.47 169.969 -452460 0.40253 -0.262066
699 348.294 -2620.55 169.969 -452460 0.405185 -0.263281
700 350.582 -1889.31 169.969 -452460 0.407846 -0.264449
701 352.849 -1139.37 169.969 -452460 0.410483 -0.26557
702 355.078 -378.858 169.969 -452460 0.413077 -0.266639
703 357.258 393.526 169.969 -452460 0.415613 -0.267655
704 359.38 1182.1 169.969 -452460 0.418081 -0.268613
705 361.442 1979.82 169.969 -452460 0.42048 -0.269511
706 363.447 2787.05 169.969 -452460 0.422813 -0.270347
707 365.407 3602.43 169.969 -452460 0.425093 -0.271116
708 367.335 4424.89 169.969 -452460 0.427335 -0.271817
709 369.25 5253.43 169.969 -452460 0.429564 -0.272446
710 371.177 6086.92 169.969 -452460 0.431806 -0.273
711 373.142 6924.12 169.969 -452460 0.434091 -0.273476
712 375.171 7773.97 169.969 -452460 0.436452 -0.273871
713 377.296 8625.99 169.969 -452460 0.438924 -0.274182
714 379.545 9477.37 169.969 -452460 0.441541 -0.274405
715 381.951 10327.7 169.969 -452460 0.44434 -0.274536
716 384.542 11181.2 169.969 -452460 0.447353 -0.274571
717 387.343 12029.6 169.969 -452460 0.450612 -0.274505
718 390.379 12872.1 169.969 -452460 0.454144 -0.274332
719 393.67 13709.4 169.969 -452460 0.457972 -0.274047
720 397.229 14543 169.969 -452460 0.462113 -0.273642
721 401.064 15366.2 169.969 -452460 0.466575 -0.27311
722 405.179 16180.1 169.969 -452460 0.471361 -0.272443
723 409.567 16982.5 169.969 -452460 0.476467 -0.271631
724 414.216 17771.7 169.969 -452460 0.481875 -0.270663
725 419.102 18549.4 169.969 -452460 0.487559 -0.269529
726 424.192 19317 169.969 -452460 0.49348 -0.268217
727 429.44 20072.4 169.969 -452460 0.499585 -0.266714
728 434.79 20814.8 169.969 -452460 0.505809 -0.265005
729 440.17 21561.2 169.969 -452460 0.512068 -0.263078
730 445.496 22299.4 169.969 -452460 0.518264 -0.260918
731 450.678 23026.1 169.969 -452460 0.524292 -0.258511
732 455.615 23746.8 169.969 -452460 0.530035 -0.255844
733 460.197 24463.4 169.969 -452460 0.535367 -0.252903
734 464.315 25172.9 169.969 -452460 0.540157 -0.249678
735 467.855 25876.9 169.969 -452460 0.544275 -0.24616
736 470.709 26582.1 169.969 -452460 0.547595 -0.242341
737 472.771 27295.1 169.969 -452460 0.549994 -0.238218
738 473.946 28023.7 169.969 -452460 0.551361 -0.23379
739 474.155 28772.1 169.969 -452460 0.551604 -0.229062
740 473.342 29523.2 169.969 -452460 0.550658 -0.224041
741 471.474 30288.4 169.969 -452460 0.548485 -0.218739
742 468.545 31057.7 169.969 -452460 0.545078 -0.213173
743 464.579 31834.6 169.969 -452460 0.540464 -0.207363
744 459.629 32611.7 169.969 -452460 0.534705 -0.201332
745 453.777 33387.8 169.969 -452460 0.527897 -0.195107
746 447.126 34170.5 169.969 -452460 0.520161 -0.188716
747 439.802 34947.9 169.969 -452460 0.51164 -0.18219
748 431.947 35723.2 169.969 -452460 0.502502 -0.175557
749 423.712 36501 169.969 -452460 0.492921 -0.168849
750 415.249 37279.1 169.969 -452460 0.483076 -0.162092
751 406.714 38043.2 169.969 -452460 0.473148 -0.155313
752 398.258 38795.1 169.969 -452460 0.46331 -0.148535
753 390.014 39528.7 169.969 -452460 0.453719 -0.141778
754 382.095 40239.9 169.969 -452460 0.444507 -0.13506
755 374.589 40937 169.969 -452460 0.435774 -0.128396
756 367.552 41615.9 169.969 -452460 0.427588 -0.121796
757 361.017 42271.7 169.969 -452460 0.419986 -0.11527
758 354.985 42910 169.969 -452460 0.412968 -0.108826
759 349.433 43527.5 169.969 -452460 0.406509 -0.102471
760 344.317 44124.9 169.969 -452460 0.400558 -0.0962099
761 339.579 44704.4 169.969 -452460 0.395046 -0.0900482
762 335.147 45270.4 169.969 -452460 0.38989 -0.0839916
763 330.946 45832 169.969 -452460 0.385003 -0.0780461
764 326.904 46381.2 169.969 -452460 0.3803 -0.0722178
765 322.959 46925.5 169.969 -452460 0.375711 -0.0665134
766 319.063 47462.7 169.969 -452460 0.371179 -0.0609396
767 315.186 47994.7 169.969 -452460 0.366669 -0.0555029
768 311.321 48524.9 169.969 -452460 0.362173 -0.0502096
769 307.479 49046.4 169.969 -452460 0.357703 -0.0450649
770 303.69 49558 169.969 -452460 0.353295 -0.0400728
771 300 50058.4 169.969 -452460 0.349003 -0.0352362
772 296.467 50549.5 169.969 -452460 0.344892 -0.0305561
773 293.151 51032.1 169.969 -452460 0.341035 -0.0260321
774 290.117 51498.1 169.969 -452460 0.337506 -0.0216619
775 287.424 51945.4 169.969 -452460 0.334372 -0.017442
776 285.119 52372.6 169.969 -452460 0.33169 -0.0133674
777 283.233 52780.1 169.969 -452460 0.329496 -0.00943249
778 281.776 53174.5 169.969 -452460 0.327802 -0.00563068
779 280.738 53545.9 169.969 -452460 0.326594 -0.00195534
780 280.087 53893.7 169.969 -452460 0.325836 0.00160006
781 279.772 54218.4 169.969 -452460 0.32547 0.00504172
782 279.727 54519.9 169.969 -452460 0.325418 0.0083752
783 279.873 54799.1 169.969 -452460 0.325588 0.0116053
784 280.126 55057.3 169.969 -452460 0.325883 0.014736
785 280.402 55295.5 169.969 -452460 0.326203 0.0177704
786 280.622 55515 169.969 -452460 0.326459 0.0207107
787 280.718 55716.5 169.969 -452460 0.326571 0.0235586
788 280.637 55913.8 169.969 -452460 0.326476 0.0263152
789 280.341 56097 169.969 -452460 0.326133 0.028981
790 279.822 56268.3 169.969 -452460 0.325528 0.0315565
791 279.088 56431.4 169.969 -452460 0.324675 0.0340423
792 278.173 56576.3 169.969 -452460 0.32361 0.0364389
793 277.129 56700 169.969 -452460 0.322396 0.0387473
794 276.025 56800.3 169.969 -452460 0.321111 0.0409691
795 274.942 56880.3 169.969 -452460 0.319851 0.0431062
796 273.967 56946.7 169.969 -452460 0.318717 0.0451615
797 273.187 56989 169.969 -452460 0.31781 0.0471381
798 272.69 56998 169.969 -452460 0.317232 0.04904
799 272.559 56971.4 169.969 -452460 0.31708 0.0508717
800 272.868 56907.3 169.969 -452460 0.317439 0.0526379
801 273.676 56807.7 169.969 -452460 0.318379 0.0543443
802 275.029 56667 169.969 -452460 0.319952 0.0559964
803 276.953 56489.7 169.969 -452460 0.322191 0.0576002
804 279.456 56276.2 169.969 -452460 0.325103 0.0591619
805 282.53 56021.2 169.969 -452460 0.328679 0.0606878
806 286.142 55753.4 169.969 -452460 0.332881 0.0621843
807 290.244 55449.8 169.969 -452460 0.337653 0.0636577
808 294.784 55108.2 169.969 -452460 0.342935 0.0651144
809 299.697 54730.4 169.969 -452460 0.34865 0.0665609
810 304.911 54319 169.969 -452460 0.354715 0.0680035
811 310.345 53876.6 169.969 -452460 0.361037 0.0694487
812 315.918 53406.2 169.969 -452460 0.367521 0.0709029
813 321.546 52910.9 169.969 -452460 0.374068 0.0723723
814 327.147 52393.8 169.969 -452460 0.380584 0.0738631
815 332.644 51858.2 169.969 -452460 0.386978 0.0753812
816 337.963 51307.1 169.969 -452460 0.393166 0.0769324
817 343.039 50743.9 169.969 -452460 0.399071 0.0785221
818 347.813 50171.4 169.969 -452460 0.404625 0.0801553
819 352.234 49600.8 169.969 -452460 0.409769 0.0818364
820 356.26 49041.3 169.969 -452460 0.414452 0.0835695
821 359.855 48480.8 169.969 -452460 0.418634 0.0853579
822 362.986 47922.3 169.969 -452460 0.422277 0.0872043
823 365.628 47368.5 169.969 -452460 0.42535 0.0891105
824 367.753 46822.5 169.969 -452460 0.427822 0.0910777
825 369.339 46287.1 169.969 -452460 0.429667 0.093106
826 370.361 45768.2 169.969 -452460 0.430856 0.0951948
827 370.797 45277.2 169.969 -452460 0.431364 0.0973421
828 370.623 44806.9 169.969 -452460 0.431161 0.0995451
829 369.808 44363 169.969 -452460 0.430213 0.1018
830 368.323 43947.9 169.969 -452460 0.428486 0.104101
831 366.136 43562.4 169.969 -452460 0.425942 0.106443
832 363.217 43217.4 169.969 -452460 0.422545 0.108817
833 359.536 42907.6 169.969 -452460 0.418264 0.111215
834 355.075 42635.2 169.969 -452460 0.413073 0.113627
835 349.82 42402.2 169.969 -452460 0.406959 0.116041
836 343.768 42209.9 169.969 -452460 0.39992 0.118446
837 336.931 42068 169.969 -452460 0.391966 0.120829
838 329.334 41968.5 169.969 -452460 0.383128 0.123177
839 321.022 41911 169.969 -452460 0.373458 0.125477
840 312.058 41900.3 169.969 -452460 0.363029 0.127715
841 302.523 41933.8 169.969 -452460 0.351937 0.129879
842 292.52 42002 169.969 -452460 0.3403 0.131958
843 282.173 42112.5 169.969 -452460 0.328264 0.133942
844 271.624 42249.7 169.969 -452460 0.315992 0.135822
845 261.026 42409.6 169.969 -452460 0.303662 0.137591
846 250.539 42591.5 169.969 -452460 0.291463 0.139246
847 240.334 42787.3 169.969 -452460 0.27959 0.140784
848 230.58 42991.6 169.969 -452460 0.268244 0.142204
849 221.449 43198.9 169.969 -452460 0.257621 0.143509
850 213.103 43408.9 169.969 -452460 0.247911 0.144701
851 205.694 43614.4 169.969 -452460 0.239292 0.145786
852 199.357 43807 169.969 -452460 0.231921 0.146769
853 194.209 43983.1 169.969 -452460 0.225932 0.147656
854 190.344 44139.4 169.969 -452460 0.221435 0.148455
855 187.831 44273.6 169.969 -452460 0.218511 0.149172
856 186.715 44384.1 169.969 -452460 0.217213 0.149813
857 187.015 44470 169.969 -452460 0.217562 0.150384
858 188.723 44531.1 169.969 -452460 0.219549 0.150889
859 191.806 44568.3 169.969 -452460 0.223136 0.151333
860 196.209 44586.9 169.969 -452460 0.228258 0.151719
861 201.851 44586.2 169.969 -452460 0.234821 0.152049
862 208.631 44567.5 169.969 -452460 0.242709 0.152326
863 216.43 44534.1 169.969 -452460 0.251782 0.152552
864 225.113 44489.8 169.969 -452460 0.261884 0.152728
865 234.532 44438.7 169.969 -452460 0.27284 0.152859
866 244.526 44385.1 169.969 -452460 0.284467 0.152946
867 254.928 44333.6 169.969 -452460 0.296568 0.152993
868 265.567 44288.6 169.969 -452460 0.308945 0.153007
869 276.269 44255.5 169.969 -452460 0.321395 0.152992
870 286.863 44244.9 169.969 -452460 0.333719 0.152956
871 297.18 44253.1 169.969 -452460 0.345722 0.152906
872 307.061 44283.4 169.969 -452460 0.357216 0.152852
873 316.354 44351.7 169.969 -452460 0.368028 0.152804
874 324.926 44451.1 169.969 -452460 0.377999 0.15277
875 332.654 44586.6 169.969 -452460 0.38699 0.15276
876 339.435 44753.6 169.969 -452460 0.394879 0.152784
877 345.186 44950.7 169.969 -452460 0.40157 0.152851
878 349.845 45177.4 169.969 -452460 0.40699 0.152967
879 353.374 45428.9 169.969 -452460 0.411095 0.153139
880 355.76 45701.9 169.969 -452460 0.413871 0.153372
881 357.016 45992.1 169.969 -452460 0.415332 0.153669
882 357.18 46294.9 169.969 -452460 0.415523 0.154031
883 356.316 46603.9 169.969 -452460 0.414517 0.154457
884 354.51 46911.4 169.969 -452460 0.412416 0.154947
885 351.868 47210 169.969 -452460 0.409342 0.155496
886 348.513 47493.4 169.969 -452460 0.40544 0.1561
887 344.588 47776.9 169.969 -452460 0.400874 0.156755
888 340.24 48029.2 169.969 -452460 0.395816 0.157453
889 335.615 48245.7 169.969 -452460 0.390435 0.158191
890 330.852 48412.6 169.969 -452460 0.384894 0.158961
891 326.085 48526.8 169.969 -452460 0.379348 0.159759
892 321.431 48580.4 169.969 -452460 0.373934 0.160579
893 316.992 48564.8 169.969 -452460 0.36877 0.161417
894 312.85 48475.2 169.969 -452460 0.363952 0.162269
895 309.067 48308.6 169.969 -452460 0.35955 0.163132
896 305.682 48061.6 169.969 -452460 0.355612 0.164003
897 302.716 47733.3 169.969 -452460 0.352162 0.164882
898 300.172 47323 169.969 -452460 0.349203 0.165767
899 298.036 46829.5 169.969 -452460 0.346718 0.166656
900 296.283 46256.7 169.969 -452460 0.344678 0.167551
901 294.875 45606.2 169.969 -452460 0.34304 0.16845
902 293.77 44884.8 169.969 -452460 0.341755 0.169354
903 292.919 44095.3 169.969 -452460 0.340765 0.170264
904 292.272 43239.5 169.969 -452460 0.340012 0.17118
905 291.777 42322.9 169.969 -452460 0.339437 0.172103
906 291.384 41351.3 169.969 -452460 0.338979 0.173034
907 291.044 40330.8 169.969 -452460 0.338583 0.173973
908 290.713 39267.8 169.969 -452460 0.338199 0.174921
909 290.353 38171.6 169.969 -452460 0.33778 0.175878
910 289.931 37049.7 169.969 -452460 0.337289 0.176846
911 289.419 35904.3 169.969 -452460 0.336693 0.177823
912 288.794 34745.1 169.969 -452460 0.335966 0.178811
913 288.038 33574.8 169.969 -452460 0.335087 0.179809
914 287.14 32397.5 169.969 -452460 0.334041 0.180817
915 286.089 31218.3 169.969 -452460 0.332819 0.181836
916 284.883 30041.8 169.969 -452460 0.331416 0.182863
917 283.518 28872.2 169.969 -452460 0.329829 0.1839
918 281.996 27714.5 169.969 -452460 0.328058 0.184945
919 280.319 26581.3 169.969 -452460 0.326107 0.185997
920 278.491 25467 169.969 -452460 0.32398 0.187055
921 276.514 24375.5 169.969 -452460 0.32168 0.188119
922 274.391 23316.7 169.969 -452460 0.319211 0.189187
923 272.125 22286.9 169.969 -452460 0.316575 0.190258
924 269.716 21287.3 169.969 -452460 0.313771 0.19133
925 267.161 20315.3 169.969 -452460 0.3108 0.192402
926 264.462 19373.3 169.969 -452460 0.30766 0.193473
927 261.621 18469.4 169.969 -452460 0.304355 0.194539
928 258.643 17600.4 169.969 -452460 0.30089 0.195599
929 255.534 16766.2 169.969 -452460 0.297273 0.196651
930 252.301 15962.1 169.969 -452460 0.293513 0.197694
931 248.96 15186 169.969 -452460 0.289625 0.198724
932 245.529 14442.5 169.969 -452460 0.285634 0.199739
933 242.036 13724.5 169.969 -452460 0.281571 0.200737
934 238.511 13030.5 169.969 -452460 0.27747 0.201715
935 234.99 12358.8 169.969 -452460 0.273374 0.202673
936 231.514 11710.3 169.969 -452460 0.26933 0.203606
937 228.129 11091.4 169.969 -452460 0.265392 0.204514
938 224.885 10493.4 169.969 -452460 0.261618 0.205394
939 221.828 9914.28 169.969 -452460 0.258062 0.206246
940 219.007 9348.42 169.969 -452460 0.25478 0.207068
941 216.466 8794.36 169.969 -452460 0.251823 0.207858
942 214.244 8251.11 169.969 -452460 0.249239 0.208616
943 212.377 7721.88 169.969 -452460 0.247067 0.209342
944 210.892 7208 169.969 -452460 0.24534 0.210034
945 209.809 6707.95 169.969 -452460 0.244079 0.210692
946 209.134 6218.66 169.969 -452460 0.243294 0.211316
947 208.864 5741.21 169.969 -452460 0.24298 0.211905
948 208.986 5274.77 169.969 -452460 0.243122 0.21246
949 209.475 4820.77 169.969 -452460 0.243691 0.212978
950 210.297 4381.04 169.969 -452460 0.244647 0.21346
951 211.407 3957.7 169.969 -452460 0.245939 0.213905
952 212.756 3553.14 169.969 -452460 0.247507 0.214312
953 214.283 3169.93 169.969 -452460 0.249285 0.214679
954 215.929 2810.76 169.969 -452460 0.251199 0.215006
955 217.626 2479.02 169.969 -452460 0.253173 0.215292
956 219.31 2179.56 169.969 -452460 0.255132 0.215534
957 220.914 1912.09 169.969 -452460 0.256999 0.215732
958 222.379 1678.93 169.969 -452460 0.258703 0.215884
959 223.647 1485.06 169.969 -452460 0.260178 0.215988
960 224.67 1333.67 169.969 -452460 0.261368 0.216042
961 225.405 1221.83 169.969 -452460 0.262223 0.216045
962 225.82 1150.34 169.969 -452460 0.262706 0.215994
963 225.89 1119.5 169.969 -452460 0.262788 0.215889
964 225.604 1129.09 169.969 -452460 0.262454 0.215728
965 224.959 1178.38 169.969 -452460 0.261704 0.215508
966 223.963 1266.11 169.969 -452460 0.260546 0.215228
967 222.638 1390.9 169.969 -452460 0.259005 0.214887
968 221.016 1554.2 169.969 -452460 0.257116 0.214484
969 219.136 1749.47 169.969 -452460 0.25493 0.214015
970 217.051 1975.96 169.969 -452460 0.252505 0.213481
971 214.822 2231.81 169.969 -452460 0.249911 0.21288
972 212.514 2512.26 169.969 -452460 0.247227 0.21221
973 210.203 2810.08 169.969 -452460 0.244538 0.211469
974 207.964 3120.97 169.969 -452460 0.241933 0.210657
975 205.877 3440.5 169.969 -452460 0.239506 0.20977
976 204.023 3764.22 169.969 -452460 0.237349 0.208808
977 202.481 4087.73 169.969 -452460 0.235554 0.207768
978 201.326 4406.73 169.969 -452460 0.234211 0.206645
979 200.63 4720.41 169.969 -452460 0.233401 0.205438
980 200.457 5022.53 169.969 -452460 0.2332 0.204142
981 200.861 5308.9 169.969 -452460 0.23367 0.202752
982 201.889 5576.44 169.969 -452460 0.234866 0.201262
983 203.572 5822.56 169.969 -452460 0.236823 0.199667
984 205.931 6045.13 169.969 -452460 0.239567 0.19796
985 208.972 6242.55 169.969 -452460 0.243106 0.196134
986 212.689 6413.78 169.969 -452460 0.24743 0.194181
987 217.061 6558.28 169.969 -452460 0.252516 0.192094
988 222.054 6676.08 169.969 -452460 0.258325 0.189866
989 227.623 6767.7 169.969 -452460 0.264803 0.187489
990 233.709 6834.15 169.969 -452460 0.271883 0.184959
991 240.246 6876.86 169.969 -452460 0.279488 0.182269
992 247.157 6900.08 169.969 -452460 0.287528 0.179416
993 254.362 6907.59 169.969 -452460 0.295909 0.176397
994 261.773 6898.11 169.969 -452460 0.304531 0.173213
995 269.3 6874.3 169.969 -452460 0.313287 0.169864
996 276.849 6838.99 169.969 -452460 0.32207 0.166354
997 284.329 6795.14 169.969 -452460 0.330771 0.162688
998 291.645 6747.73 169.969 -452460 0.339282 0.158875
999 298.707 6704.6 169.969 -452460 0.347498 0.154922
1000 305.427 6662.23 169.969 -452460 0.355316 0.150843
