      4.0326043915 a         1     0     1     1     1
     -0.5057303033 a         2     0     1     1     2
    -10.7384388508 a         3     0     1     1     3
     -3.3462912651 a         4     0     1     1     4
    -11.5487881049 a         5     0     1     1     5
     -1.7214420032 a         6     0     1     1     6
    -13.3390387928 a         7     0     1     1     7
     -7.1836900504 a         8     0     1     1     8
     -3.6889942216 a         9     0     1     1     9
    -10.9053513100 a        10     0     1     1    10
     -1.7537122512 a        11     0     2     1     1
      9.0412033445 a        12     0     2     1     2
     -9.3313970116 a        13     0     2     1     3
     -7.5822966937 a        14     0     2     1     4
      0.4638816014 a        15     0     2     1     5
     12.0837767421 a        16     0     2     1     6
      5.9259278518 a        17     0     2     1     7
      1.3939376697 a        18     0     2     1     8
     -4.4575996220 a        19     0     2     1     9
    -12.7487020499 a        20     0     2     1    10
      5.1576095156 a        21     0     3     1     1
     31.9699453130 a        22     0     3     1     2
     -4.2504155051 a        23     0     3     1     3
     -4.4262808837 a        24     0     3     1     4
     15.4322238048 a        25     0     3     1     5
     17.5966953824 a        26     0     3     1     6
     -1.7244283860 a        27     0     3     1     7
      1.2020512535 a        28     0     3     1     8
     -3.3738349404 a        29     0     3     1     9
     -4.6753675162 a        30     0     3     1    10
     -0.6811535488 a        31     0     4     1     1
    -12.2741795135 a        32     0     4     1     2
      2.4026877620 a        33     0     4     1     3
     10.7000730945 a        34     0     4     1     4
     -4.2921855779 a        35     0     4     1     5
    -11.0459576834 a        36     0     4     1     6
     -4.2365085852 a        37     0     4     1     7
      0.0946510976 a        38     0     4     1     8
      2.2479351323 a        39     0     4     1     9
      3.6531147802 a        40     0     4     1    10
      1.2999282082 a        41     0     5     1     1
     -2.9898492412 a        42     0     5     1     2
     -2.0447387871 a        43     0     5     1     3
     -1.4317185818 a        44     0     5     1     4
      3.8166434779 a        45     0     5     1     5
      3.0999411968 a        46     0     5     1     6
     -0.0381992266 a        47     0     5     1     7
     -6.9453206369 a        48     0     5     1     8
     -2.9839796406 a        49     0     5     1     9
      2.1018510352 a        50     0     5     1    10
      3.5753954930 a        51     0     6     1     1
      1.1647358772 a        52     0     6     1     2
      1.6823791333 a        53     0     6     1     3
      2.8425150975 a        54     0     6     1     4
     -3.0518775488 a        55     0     6     1     5
      0.1253658784 a        56     0     6     1     6
     -4.8773662457 a        57     0     6     1     7
      3.1142185340 a        58     0     6     1     8
      0.3049387115 a        59     0     6     1     9
     -6.8659021924 a        60     0     6     1    10
     -2.8045279965 a        61     0     7     1     1
    -12.7378103283 a        62     0     7     1     2
      1.3515901779 a        63     0     7     1     3
      6.6644362633 a        64     0     7     1     4
      2.6106486909 a        65     0     7     1     5
     -7.4036245300 a        66     0     7     1     6
      2.3059160933 a        67     0     7     1     7
     -2.4203070517 a        68     0     7     1     8
     -0.5578799941 a        69     0     7     1     9
      6.2478182388 a        70     0     7     1    10
     -3.1323471835 a        71     0     8     1     1
     -9.9384900684 a        72     0     8     1     2
      1.1753225180 a        73     0     8     1     3
      2.4694193455 a        74     0     8     1     4
      2.8859122797 a        75     0     8     1     5
     -0.2834759403 a        76     0     8     1     6
     -0.5391209401 a        77     0     8     1     7
     -0.4230167217 a        78     0     8     1     8
     -0.0399946305 a        79     0     8     1     9
      5.3801031056 a        80     0     8     1    10
      9.1773196121 a        81     0     9     1     1
    -17.2993056380 a        82     0     9     1     2
      1.8117393769 a        83     0     9     1     3
     -3.3685307090 a        84     0     9     1     4
    -11.1432452452 a        85     0     9     1     5
    -10.4582435320 a        86     0     9     1     6
    -12.2689761700 a        87     0     9     1     7
    -13.3501790431 a        88     0     9     1     8
     -1.8121644821 a        89     0     9     1     9
      1.4203862088 a        90     0     9     1    10
    -11.2876285852 a        91     0    10     1     1
      3.4625269933 a        92     0    10     1     2
      2.1796092033 a        93     0    10     1     3
      6.2982371368 a        94     0    10     1     4
      9.1350326336 a        95     0    10     1     5
      3.1345772080 a        96     0    10     1     6
     14.2499294934 a        97     0    10     1     7
     17.6671310158 a        98     0    10     1     8
      0.0092326994 a        99     0    10     1     9
     -0.5560594904 a       100     0    10     1    10
     -5.0470373734 a       101     0    11     1     1
    -14.8999231361 a       102     0    11     1     2
      0.1000978302 a       103     0    11     1     3
      4.3667891709 a       104     0    11     1     4
     -2.0595697725 a       105     0    11     1     5
     -3.9613875107 a       106     0    11     1     6
      0.0927630234 a       107     0    11     1     7
      5.9323886828 a       108     0    11     1     8
      0.9591453669 a       109     0    11     1     9
     -0.3136010965 a       110     0    11     1    10
      2.6598078203 a       111     0    12     1     1
    -18.4477233330 a       112     0    12     1     2
      9.6315698386 a       113     0    12     1     3
      4.3171596405 a       114     0    12     1     4
    -16.1542129108 a       115     0    12     1     5
    -12.7360602500 a       116     0    12     1     6
     -7.7816605872 a       117     0    12     1     7
     -1.6756986552 a       118     0    12     1     8
      3.4942406264 a       119     0    12     1     9
     -0.6210407983 a       120     0    12     1    10
     -3.0949729135 a       121     0    13     1     1
      5.1908520817 a       122     0    13     1     2
     -1.6126385468 a       123     0    13     1     3
    -12.8128232417 a       124     0    13     1     4
     15.2467241131 a       125     0    13     1     5
     14.9031427889 a       126     0    13     1     6
     12.6689054153 a       127     0    13     1     7
     -2.5016645336 a       128     0    13     1     8
     -9.7475699505 a       129     0    13     1     9
      5.0980905804 a       130     0    13     1    10
     -5.7269785435 a       131     0    14     1     1
    -21.0836570782 a       132     0    14     1     2
     -4.8779461974 a       133     0    14     1     3
     -0.7984808835 a       134     0    14     1     4
     -8.7800605981 a       135     0    14     1     5
     -6.3393880946 a       136     0    14     1     6
     -2.4844061040 a       137     0    14     1     7
      1.6897419256 a       138     0    14     1     8
     -2.2936489022 a       139     0    14     1     9
     -2.6364087177 a       140     0    14     1    10
     -9.8014344960 a       141     0    15     1     1
     -3.6686301957 a       142     0    15     1     2
     13.2243484953 a       143     0    15     1     3
      7.8712257086 a       144     0    15     1     4
    -15.2061088865 a       145     0    15     1     5
     -6.1438533388 a       146     0    15     1     6
      4.6220765333 a       147     0    15     1     7
     17.8370451135 a       148     0    15     1     8
      8.6142638179 a       149     0    15     1     9
     -5.0751282868 a       150     0    15     1    10
     -0.0311482739 a       151     0    16     1     1
      4.7911414253 a       152     0    16     1     2
     -2.1304823425 a       153     0    16     1     3
    -24.0617202921 a       154     0    16     1     4
      5.7325469847 a       155     0    16     1     5
     15.5492430002 a       156     0    16     1     6
      0.5622638432 a       157     0    16     1     7
     -3.2754624702 a       158     0    16     1     8
     -4.9211356804 a       159     0    16     1     9
     -4.3803006882 a       160     0    16     1    10
     -5.3021548643 a       161     0    17     1     1
    -14.7715914200 a       162     0    17     1     2
     -1.7629488879 a       163     0    17     1     3
      0.3280752364 a       164     0    17     1     4
     -5.0841557276 a       165     0    17     1     5
     -1.8986500017 a       166     0    17     1     6
     -1.4287745511 a       167     0    17     1     7
      2.1921782006 a       168     0    17     1     8
      1.7195092189 a       169     0    17     1     9
     -5.4566978878 a       170     0    17     1    10
     -4.1642582732 a       171     0    18     1     1
     -0.8564968342 a       172     0    18     1     2
      0.3154770815 a       173     0    18     1     3
     -4.5246816242 a       174     0    18     1     4
      3.3637207197 a       175     0    18     1     5
     -2.4795724122 a       176     0    18     1     6
      1.3437990421 a       177     0    18     1     7
    -24.3734138434 a       178     0    18     1     8
     -3.0509009731 a       179     0    18     1     9
     18.5257459907 a       180     0    18     1    10
    -10.9225097921 a       181     0    19     1     1
    -28.7666046158 a       182     0    19     1     2
     -9.0826816784 a       183     0    19     1     3
     -8.5412131577 a       184     0    19     1     4
     -3.0522152603 a       185     0    19     1     5
     -4.6253341020 a       186     0    19     1     6
    -11.4758291687 a       187     0    19     1     7
      1.5038465676 a       188     0    19     1     8
      4.7441642776 a       189     0    19     1     9
     -4.9600142930 a       190     0    19     1    10
      5.3991106737 a       191     0    20     1     1
      6.2744705373 a       192     0    20     1     2
      4.4026052620 a       193     0    20     1     3
     -1.8416640741 a       194     0    20     1     4
      8.2020370430 a       195     0    20     1     5
      4.8101549249 a       196     0    20     1     6
     -2.6422478618 a       197     0    20     1     7
     -4.5964006401 a       198     0    20     1     8
      8.2267183257 a       199     0    20     1     9
      1.9940482797 a       200     0    20     1    10
     -9.9620292358 a       201     0    21     1     1
      5.5794959920 a       202     0    21     1     2
    -12.1116055015 a       203     0    21     1     3
      2.3352641954 a       204     0    21     1     4
     -6.7088392050 a       205     0    21     1     5
      8.5552944991 a       206     0    21     1     6
      3.1123442795 a       207     0    21     1     7
      4.7864784518 a       208     0    21     1     8
     -2.0622102128 a       209     0    21     1     9
    -11.3319559295 a       210     0    21     1    10
     -0.2281467052 a       211     0    22     1     1
      0.2493998724 a       212     0    22     1     2
      7.2494678338 a       213     0    22     1     3
     11.9483976505 a       214     0    22     1     4
     18.9747850202 a       215     0    22     1     5
      8.5306903088 a       216     0    22     1     6
    -14.2929195259 a       217     0    22     1     7
     12.5173349504 a       218     0    22     1     8
     20.9177137876 a       219     0    22     1     9
     -1.3671663349 a       220     0    22     1    10
      3.5079159070 a       221     0    23     1     1
      5.1678313288 a       222     0    23     1     2
      1.6246211235 a       223     0    23     1     3
      2.3219884758 a       224     0    23     1     4
      0.3746433246 a       225     0    23     1     5
     -2.3228242006 a       226     0    23     1     6
      8.5868557458 a       227     0    23     1     7
     -0.5766523165 a       228     0    23     1     8
      8.8477102060 a       229     0    23     1     9
     -3.5034503649 a       230     0    23     1    10
      2.7253097265 a       231     0    24     1     1
     -8.6580994481 a       232     0    24     1     2
      3.7235091986 a       233     0    24     1     3
     16.0178535975 a       234     0    24     1     4
     -1.4467094686 a       235     0    24     1     5
     -0.9101192671 a       236     0    24     1     6
    -10.4599466438 a       237     0    24     1     7
     -1.9817180468 a       238     0    24     1     8
      2.0434599604 a       239     0    24     1     9
      0.7279317078 a       240     0    24     1    10
     -2.9007806078 a       241     0    25     1     1
     -3.0085533221 a       242     0    25     1     2
    -10.4641258113 a       243     0    25     1     3
     -3.1863896632 a       244     0    25     1     4
     -4.0803075669 a       245     0    25     1     5
     13.0358267248 a       246     0    25     1     6
     -0.7946170673 a       247     0    25     1     7
      9.3947245060 a       248     0    25     1     8
     -1.3964424490 a       249     0    25     1     9
    -17.8476270360 a       250     0    25     1    10
      4.7134951275 a       251     0    26     1     1
      0.3872657460 a       252     0    26     1     2
     -8.9389319455 a       253     0    26     1     3
    -12.2586478542 a       254     0    26     1     4
     -5.5182086430 a       255     0    26     1     5
      5.1078248362 a       256     0    26     1     6
     -9.5334061187 a       257     0    26     1     7
     -3.3352995407 a       258     0    26     1     8
     -4.4468030814 a       259     0    26     1     9
     -7.0010293597 a       260     0    26     1    10
     -5.9930291551 a       261     0    27     1     1
     21.7947101643 a       262     0    27     1     2
     -7.4479689191 a       263     0    27     1     3
     -1.1343371633 a       264     0    27     1     4
     -2.1890691005 a       265     0    27     1     5
      7.7466271807 a       266     0    27     1     6
     -3.6724711987 a       267     0    27     1     7
     29.6616755568 a       268     0    27     1     8
      7.5115377292 a       269     0    27     1     9
    -16.7001502303 a       270     0    27     1    10
      0.9477556519 a       271     0    28     1     1
      1.5228866709 a       272     0    28     1     2
      3.6245289471 a       273     0    28     1     3
      4.1624301647 a       274     0    28     1     4
     -0.7620230755 a       275     0    28     1     5
     -0.9000543956 a       276     0    28     1     6
      1.1355316631 a       277     0    28     1     7
      8.3077602773 a       278     0    28     1     8
      1.3902324135 a       279     0    28     1     9
     -0.3414120847 a       280     0    28     1    10
      4.7782953254 a       281     0    29     1     1
      3.2193989697 a       282     0    29     1     2
      9.1619472460 a       283     0    29     1     3
      1.0359966831 a       284     0    29     1     4
      4.7656163221 a       285     0    29     1     5
     -3.8499146672 a       286     0    29     1     6
     -1.4106489956 a       287     0    29     1     7
     -3.1421293823 a       288     0    29     1     8
      3.4452724227 a       289     0    29     1     9
      4.8945132064 a       290     0    29     1    10
     -1.8662471150 a       291     0    30     1     1
      5.8938454074 a       292     0    30     1     2
      6.2280343327 a       293     0    30     1     3
      4.2657992454 a       294     0    30     1     4
      6.4233576923 a       295     0    30     1     5
      1.8864322515 a       296     0    30     1     6
      0.5293289501 a       297     0    30     1     7
      6.2144610917 a       298     0    30     1     8
      6.6147830877 a       299     0    30     1     9
      5.9696847511 a       300     0    30     1    10
      3.6514157701 a       301     0    31     1     1
     11.2951565518 a       302     0    31     1     2
     -5.5077612078 a       303     0    31     1     3
     -7.3354354101 a       304     0    31     1     4
      1.5683264677 a       305     0    31     1     5
     16.1459346011 a       306     0    31     1     6
     -0.9382859393 a       307     0    31     1     7
      9.5065566437 a       308     0    31     1     8
      1.6859999479 a       309     0    31     1     9
    -13.8172718254 a       310     0    31     1    10
      0.1431992642 a       311     0    32     1     1
      1.8475279693 a       312     0    32     1     2
     -1.6711174634 a       313     0    32     1     3
     -2.6061716048 a       314     0    32     1     4
      1.0134682764 a       315     0    32     1     5
      1.4487834239 a       316     0    32     1     6
      6.3075952883 a       317     0    32     1     7
     -7.7975014412 a       318     0    32     1     8
     -2.8344260755 a       319     0    32     1     9
     -1.6042546474 a       320     0    32     1    10
     -1.0332335191 a       321     0    33     1     1
      4.6624449145 a       322     0    33     1     2
     -1.9710940431 a       323     0    33     1     3
     -3.6235679030 a       324     0    33     1     4
     -6.9195688949 a       325     0    33     1     5
     -9.9892591172 a       326     0    33     1     6
      1.5555910721 a       327     0    33     1     7
      2.5826038071 a       328     0    33     1     8
      1.2865938078 a       329     0    33     1     9
     -6.4665432812 a       330     0    33     1    10
      2.3890876307 a       331     0    34     1     1
     -0.0017900419 a       332     0    34     1     2
      3.2029344393 a       333     0    34     1     3
      5.5000522514 a       334     0    34     1     4
     -0.8262566307 a       335     0    34     1     5
     -5.7565485566 a       336     0    34     1     6
      4.7344560370 a       337     0    34     1     7
      3.9355017650 a       338     0    34     1     8
      2.7437779912 a       339     0    34     1     9
     -0.8464282050 a       340     0    34     1    10
      1.5084389828 a       341     0    35     1     1
     -1.3447060587 a       342     0    35     1     2
      1.0424695807 a       343     0    35     1     3
      2.8461523334 a       344     0    35     1     4
     -0.8931752055 a       345     0    35     1     5
     -2.0779597177 a       346     0    35     1     6
      2.0347716311 a       347     0    35     1     7
     -0.5886337077 a       348     0    35     1     8
      2.2044941684 a       349     0    35     1     9
      1.2639208317 a       350     0    35     1    10
     -4.2287836057 a       351     0    36     1     1
     -1.2707203985 a       352     0    36     1     2
     -3.9484806212 a       353     0    36     1     3
     -0.5404258199 a       354     0    36     1     4
      8.9118207687 a       355     0    36     1     5
      5.1748731535 a       356     0    36     1     6
      2.7877882568 a       357     0    36     1     7
     -0.5998864062 a       358     0    36     1     8
     -3.5670631609 a       359     0    36     1     9
      6.3647030396 a       360     0    36     1    10
     -8.6473456371 a       361     0    37     1     1
    -37.8216365745 a       362     0    37     1     2
     19.7790345037 a       363     0    37     1     3
     35.8863511151 a       364     0    37     1     4
     26.6675610524 a       365     0    37     1     5
     -5.5708225416 a       366     0    37     1     6
     12.2323672272 a       367     0    37     1     7
      3.7966476992 a       368     0    37     1     8
      7.8969671569 a       369     0    37     1     9
     39.5036322217 a       370     0    37     1    10
     -2.4454109171 a       371     0    38     1     1
     -3.3320383876 a       372     0    38     1     2
      5.8227641444 a       373     0    38     1     3
     15.2894046195 a       374     0    38     1     4
      1.2604521785 a       375     0    38     1     5
     -0.4294116174 a       376     0    38     1     6
     -5.3272931857 a       377     0    38     1     7
     22.9153272370 a       378     0    38     1     8
     13.8879293053 a       379     0    38     1     9
      0.4887719580 a       380     0    38     1    10
      3.4708573012 a       381     0    39     1     1
      7.2910717468 a       382     0    39     1     2
      3.9017785536 a       383     0    39     1     3
      9.7643646530 a       384     0    39     1     4
      4.1780765795 a       385     0    39     1     5
      6.7796239624 a       386     0    39     1     6
     -4.8428588810 a       387     0    39     1     7
     17.0106185494 a       388     0    39     1     8
      7.2892342404 a       389     0    39     1     9
      4.5005747380 a       390     0    39     1    10
      6.0729322722 a       391     0    40     1     1
      2.6495970698 a       392     0    40     1     2
      4.1836463449 a       393     0    40     1     3
      2.0748161938 a       394     0    40     1     4
      7.5766836606 a       395     0    40     1     5
      2.8856502893 a       396     0    40     1     6
     -5.3662648319 a       397     0    40     1     7
     -1.5266251887 a       398     0    40     1     8
      0.6259831755 a       399     0    40     1     9
      7.6925415892 a       400     0    40     1    10
     -2.6814120241 a       401     0    41     1     1
      1.9998490103 a       402     0    41     1     2
      6.2714294724 a       403     0    41     1     3
      6.3905691630 a       404     0    41     1     4
      3.8952501279 a       405     0    41     1     5
     -5.4610278260 a       406     0    41     1     6
     -0.4309802278 a       407     0    41     1     7
      6.6666961311 a       408     0    41     1     8
      3.7134034659 a       409     0    41     1     9
     -2.0666045795 a       410     0    41     1    10
      2.0642996336 a       411     0    42     1     1
     -1.6915714119 a       412     0    42     1     2
      8.4917950739 a       413     0    42     1     3
     -2.2794816329 a       414     0    42     1     4
    -14.9499888123 a       415     0    42     1     5
    -10.5793390041 a       416     0    42     1     6
      1.9520648276 a       417     0    42     1     7
      2.3582020639 a       418     0    42     1     8
      3.9063295690 a       419     0    42     1     9
     -2.2998525448 a       420     0    42     1    10
      5.6241715453 a       421     0    43     1     1
      7.4889430080 a       422     0    43     1     2
      3.4260268017 a       423     0    43     1     3
      1.0963725793 a       424     0    43     1     4
     12.2334286630 a       425     0    43     1     5
     12.3040046323 a       426     0    43     1     6
      1.7184696266 a       427     0    43     1     7
      7.6483303064 a       428     0    43     1     8
      4.9001993574 a       429     0    43     1     9
      3.2365410026 a       430     0    43     1    10
     -2.1009321547 a       431     0    44     1     1
      0.8252763585 a       432     0    44     1     2
      3.5818620426 a       433     0    44     1     3
      5.9157992945 a       434     0    44     1     4
      2.6245307248 a       435     0    44     1     5
     -1.0580279147 a       436     0    44     1     6
      9.1660478004 a       437     0    44     1     7
     -2.7423834369 a       438     0    44     1     8
      1.8356849888 a       439     0    44     1     9
      1.6772813267 a       440     0    44     1    10
      2.3938667354 a       441     0    45     1     1
     -3.5450822386 a       442     0    45     1     2
      1.7833302102 a       443     0    45     1     3
     -2.0898417292 a       444     0    45     1     4
     -6.3851001375 a       445     0    45     1     5
    -12.7808105397 a       446     0    45     1     6
      1.3364649690 a       447     0    45     1     7
     -6.9080271739 a       448     0    45     1     8
     -0.0973265784 a       449     0    45     1     9
      1.7345584073 a       450     0    45     1    10
      3.1774269547 a       451     0    46     1     1
      0.3686839586 a       452     0    46     1     2
      4.2212771919 a       453     0    46     1     3
      5.5397589393 a       454     0    46     1     4
      0.8990898380 a       455     0    46     1     5
     -4.2549090129 a       456     0    46     1     6
      3.9607567994 a       457     0    46     1     7
      1.8671375901 a       458     0    46     1     8
      3.5071006268 a       459     0    46     1     9
      3.1341486678 a       460     0    46     1    10
      0.6522911849 a       461     0    47     1     1
     -3.2172650463 a       462     0    47     1     2
     -2.2409926921 a       463     0    47     1     3
      3.8295033053 a       464     0    47     1     4
     -3.7090324086 a       465     0    47     1     5
     -3.1409217519 a       466     0    47     1     6
      2.2722493340 a       467     0    47     1     7
      2.4290897051 a       468     0    47     1     8
      2.1934577121 a       469     0    47     1     9
      0.5673781691 a       470     0    47     1    10
     -3.8570294689 a       471     0    48     1     1
     -3.3465827475 a       472     0    48     1     2
     -6.0581805935 a       473     0    48     1     3
     -2.5585649585 a       474     0    48     1     4
      5.8246007808 a       475     0    48     1     5
      3.5342093019 a       476     0    48     1     6
      3.9337983984 a       477     0    48     1     7
     -2.4373839712 a       478     0    48     1     8
     -6.5245371957 a       479     0    48     1     9
      5.3670625259 a       480     0    48     1    10
      2.2452227834 a       481     0    49     1     1
     -9.4430433157 a       482     0    49     1     2
    -23.8600004399 a       483     0    49     1     3
    -22.6233388333 a       484     0    49     1     4
    -16.9147742253 a       485     0    49     1     5
     14.2830584621 a       486     0    49     1     6
     -4.5915985360 a       487     0    49     1     7
     -5.1903725132 a       488     0    49     1     8
    -14.1609951658 a       489     0    49     1     9
    -30.7724519823 a       490     0    49     1    10
      3.5216280536 a       491     0    50     1     1
     -1.0986222896 a       492     0    50     1     2
     -3.2195907018 a       493     0    50     1     3
     -5.8127998061 a       494     0    50     1     4
     -7.4079494209 a       495     0    50     1     5
      2.2513787218 a       496     0    50     1     6
     -6.3851626946 a       497     0    50     1     7
      2.8990503944 a       498     0    50     1     8
     -0.7288230820 a       499     0    50     1     9
     -6.8264880924 a       500     0    50     1    10
      3.5792130096 a       501     0    51     1     1
     11.0926881069 a       502     0    51     1     2
    -15.4149796355 a       503     0    51     1     3
    -14.3079685004 a       504     0    51     1     4
     -4.6563317141 a       505     0    51     1     5
      2.2887523777 a       506     0    51     1     6
    -14.5033225855 a       507     0    51     1     7
     -4.5289781087 a       508     0    51     1     8
     -1.8675729310 a       509     0    51     1     9
     -7.3672473776 a       510     0    51     1    10
      2.0459594299 a       511     0    52     1     1
      1.4004249135 a       512     0    52     1     2
      0.0845899968 a       513     0    52     1     3
     -1.8169110472 a       514     0    52     1     4
     -3.6599386579 a       515     0    52     1     5
     -0.7086882957 a       516     0    52     1     6
      0.1757029333 a       517     0    52     1     7
      4.0679296105 a       518     0    52     1     8
     -0.3517461226 a       519     0    52     1     9
     -3.9398655732 a       520     0    52     1    10
      2.3690249982 a       521     0    53     1     1
      7.1841351691 a       522     0    53     1     2
      4.7667295884 a       523     0    53     1     3
     -0.6179483442 a       524     0    53     1     4
     -0.7639933406 a       525     0    53     1     5
     -0.0327485383 a       526     0    53     1     6
      1.4882178045 a       527     0    53     1     7
      3.5613036709 a       528     0    53     1     8
      1.1988255879 a       529     0    53     1     9
     -4.9301061763 a       530     0    53     1    10
     -2.9407807828 a       531     0    54     1     1
     10.2040212487 a       532     0    54     1     2
      6.8377388743 a       533     0    54     1     3
      2.2395174714 a       534     0    54     1     4
      5.4673815449 a       535     0    54     1     5
      4.1983417547 a       536     0    54     1     6
      0.1530233365 a       537     0    54     1     7
      8.1137134857 a       538     0    54     1     8
      5.1585227394 a       539     0    54     1     9
      1.0861697524 a       540     0    54     1    10
      8.1769087251 a       541     0    55     1     1
      3.2780577002 a       542     0    55     1     2
     -7.9036864714 a       543     0    55     1     3
    -10.5585802020 a       544     0    55     1     4
     -1.1305136587 a       545     0    55     1     5
     11.8123705398 a       546     0    55     1     6
     -4.0785881257 a       547     0    55     1     7
     -3.8176889374 a       548     0    55     1     8
     -2.1333131881 a       549     0    55     1     9
     -8.5561052479 a       550     0    55     1    10
     -1.8732119403 a       551     0    56     1     1
      4.3004186479 a       552     0    56     1     2
      1.1843985008 a       553     0    56     1     3
      1.1906113672 a       554     0    56     1     4
      1.2842853370 a       555     0    56     1     5
      1.8225649132 a       556     0    56     1     6
      6.0183412487 a       557     0    56     1     7
      2.5837910040 a       558     0    56     1     8
      0.9546053726 a       559     0    56     1     9
     -2.9388049283 a       560     0    56     1    10
      2.2052768810 a       561     0    57     1     1
      1.7438168217 a       562     0    57     1     2
     -0.8419043411 a       563     0    57     1     3
     -5.3450443097 a       564     0    57     1     4
     -3.6105484671 a       565     0    57     1     5
    -10.0670490582 a       566     0    57     1     6
     -2.6368535718 a       567     0    57     1     7
     -6.1183703664 a       568     0    57     1     8
     -0.9921955043 a       569     0    57     1     9
     -0.9319871289 a       570     0    57     1    10
      3.9762663804 a       571     0    58     1     1
     -0.7803830817 a       572     0    58     1     2
      0.5672289194 a       573     0    58     1     3
      1.8350841642 a       574     0    58     1     4
     -0.7451109773 a       575     0    58     1     5
     -3.0578934531 a       576     0    58     1     6
      1.1625064471 a       577     0    58     1     7
      0.4685975893 a       578     0    58     1     8
      1.3373755363 a       579     0    58     1     9
     -0.4061154206 a       580     0    58     1    10
      2.2378010718 a       581     0    59     1     1
      0.4819041985 a       582     0    59     1     2
      0.0978953409 a       583     0    59     1     3
      1.1328565747 a       584     0    59     1     4
     -2.5046521774 a       585     0    59     1     5
     -1.9152225784 a       586     0    59     1     6
      0.2436617127 a       587     0    59     1     7
     -1.5822439482 a       588     0    59     1     8
      0.5406063357 a       589     0    59     1     9
      0.7257299608 a       590     0    59     1    10
     -4.6882131987 a       591     0    60     1     1
     -1.4368128560 a       592     0    60     1     2
     -4.1041223487 a       593     0    60     1     3
     -1.7481577535 a       594     0    60     1     4
      5.3567700086 a       595     0    60     1     5
      6.9448727264 a       596     0    60     1     6
      5.0402408335 a       597     0    60     1     7
      4.1852317228 a       598     0    60     1     8
     -2.9085535904 a       599     0    60     1     9
      1.9364911492 a       600     0    60     1    10
     -7.2125944773 a       601     0    61     1     1
    -32.2562421199 a       602     0    61     1     2
     -3.4261181492 a       603     0    61     1     3
     11.6687917828 a       604     0    61     1     4
     10.0753855533 a       605     0    61     1     5
      3.9792624621 a       606     0    61     1     6
      5.4545970499 a       607     0    61     1     7
     -0.6037292458 a       608     0    61     1     8
     -6.0917079478 a       609     0    61     1     9
     13.4478636343 a       610     0    61     1    10
      9.4682223147 a       611     0    62     1     1
    -19.1713561213 a       612     0    62     1     2
     -0.1929658939 a       613     0    62     1     3
      2.7809181295 a       614     0    62     1     4
      0.8035985378 a       615     0    62     1     5
     -2.4311622190 a       616     0    62     1     6
    -16.0235860581 a       617     0    62     1     7
    -11.7520806803 a       618     0    62     1     8
      1.9303427546 a       619     0    62     1     9
     14.2471195373 a       620     0    62     1    10
     12.7582135001 a       621     0    63     1     1
    -11.5333887667 a       622     0    63     1     2
     -4.8906718347 a       623     0    63     1     3
     -2.4985870674 a       624     0    63     1     4
     -1.8282274740 a       625     0    63     1     5
     -3.5385270809 a       626     0    63     1     6
    -17.4623602714 a       627     0    63     1     7
    -20.9785081249 a       628     0    63     1     8
     -0.7213766706 a       629     0    63     1     9
     13.6095266938 a       630     0    63     1    10
      4.7885339705 a       631     0    64     1     1
      4.8955210175 a       632     0    64     1     2
     -2.7897904403 a       633     0    64     1     3
     -4.3294608241 a       634     0    64     1     4
      2.9025221152 a       635     0    64     1     5
      4.1915858068 a       636     0    64     1     6
     -7.4321183856 a       637     0    64     1     7
     -4.5560331463 a       638     0    64     1     8
     -4.4477931500 a       639     0    64     1     9
      1.2594669603 a       640     0    64     1    10
      2.9584163416 a       641     0    65     1     1
     -0.9262034483 a       642     0    65     1     2
     -5.9847889124 a       643     0    65     1     3
    -10.1928854177 a       644     0    65     1     4
     -0.4861307020 a       645     0    65     1     5
     -2.4479088902 a       646     0    65     1     6
     -4.2207912503 a       647     0    65     1     7
     -9.8967103975 a       648     0    65     1     8
     -9.3375599201 a       649     0    65     1     9
     -5.0725677302 a       650     0    65     1    10
      9.0539316364 a       651     0    66     1     1
      5.0937817707 a       652     0    66     1     2
      1.0694430298 a       653     0    66     1     3
    -15.7966328406 a       654     0    66     1     4
    -11.4521170662 a       655     0    66     1     5
     -4.3071188930 a       656     0    66     1     6
     -5.5729823735 a       657     0    66     1     7
    -15.6627219836 a       658     0    66     1     8
     -5.5149089826 a       659     0    66     1     9
      0.0744728149 a       660     0    66     1    10
      6.8169964011 a       661     0    67     1     1
      0.3416325659 a       662     0    67     1     2
      5.1949144701 a       663     0    67     1     3
      3.1075168003 a       664     0    67     1     4
     12.8076479732 a       665     0    67     1     5
      8.6737028495 a       666     0    67     1     6
     -0.6879683907 a       667     0    67     1     7
     -1.7884037513 a       668     0    67     1     8
      6.0094599921 a       669     0    67     1     9
     10.9148361126 a       670     0    67     1    10
     -0.3249329280 a       671     0    68     1     1
      1.9009809308 a       672     0    68     1     2
      4.4007233886 a       673     0    68     1     3
      5.9521449976 a       674     0    68     1     4
      3.6284289723 a       675     0    68     1     5
     -0.4917136266 a       676     0    68     1     6
      6.9148055241 a       677     0    68     1     7
     -0.9838212737 a       678     0    68     1     8
      2.5328539777 a       679     0    68     1     9
      3.3433004750 a       680     0    68     1    10
      3.9505850930 a       681     0    69     1     1
     -2.7714833598 a       682     0    69     1     2
      4.0006898682 a       683     0    69     1     3
     -0.5655491888 a       684     0    69     1     4
     -1.5700145703 a       685     0    69     1     5
    -13.7883024496 a       686     0    69     1     6
      1.5082962412 a       687     0    69     1     7
    -10.7843872290 a       688     0    69     1     8
      1.2881777886 a       689     0    69     1     9
      4.0699518076 a       690     0    69     1    10
      4.5779620997 a       691     0    70     1     1
     -0.5601122396 a       692     0    70     1     2
      1.3098780500 a       693     0    70     1     3
      1.9397431376 a       694     0    70     1     4
      2.7732602038 a       695     0    70     1     5
     -2.2836716756 a       696     0    70     1     6
      1.3082862857 a       697     0    70     1     7
     -4.3128278638 a       698     0    70     1     8
      0.9110446236 a       699     0    70     1     9
      3.8066307761 a       700     0    70     1    10
      3.3449153713 a       701     0    71     1     1
     -4.0985597591 a       702     0    71     1     2
     -3.3065344479 a       703     0    71     1     3
     -0.1198758303 a       704     0    71     1     4
     -3.0230710078 a       705     0    71     1     5
     -2.3955936378 a       706     0    71     1     6
     -0.7898744841 a       707     0    71     1     7
     -3.7881262165 a       708     0    71     1     8
     -0.3583175697 a       709     0    71     1     9
      0.2946463168 a       710     0    71     1    10
     -3.6752752997 a       711     0    72     1     1
     -5.3296551248 a       712     0    72     1     2
     -7.0840188714 a       713     0    72     1     3
     -4.4369992624 a       714     0    72     1     4
      3.7864643568 a       715     0    72     1     5
      4.5581280676 a       716     0    72     1     6
      3.2418043340 a       717     0    72     1     7
     -1.8313533290 a       718     0    72     1     8
     -7.1979357820 a       719     0    72     1     9
      2.8144174912 a       720     0    72     1    10
      3.1858189387 a       721     0    73     1     1
     -4.0243416008 a       722     0    73     1     2
     -5.2213279444 a       723     0    73     1     3
     -6.6537624212 a       724     0    73     1     4
     -7.8144945860 a       725     0    73     1     5
      8.0030839639 a       726     0    73     1     6
     -0.9684144303 a       727     0    73     1     7
     -3.2160624124 a       728     0    73     1     8
      0.4247335721 a       729     0    73     1     9
    -11.4049891505 a       730     0    73     1    10
     -1.0099422199 a       731     0    74     1     1
      4.1442068557 a       732     0    74     1     2
      3.9183501120 a       733     0    74     1     3
      1.7007068360 a       734     0    74     1     4
     -0.0751716740 a       735     0    74     1     5
     -0.1068723433 a       736     0    74     1     6
      4.0739065855 a       737     0    74     1     7
      8.3442630477 a       738     0    74     1     8
      2.2341394797 a       739     0    74     1     9
     -3.6881012052 a       740     0    74     1    10
      3.8314309765 a       741     0    75     1     1
      4.9345911300 a       742     0    75     1     2
      1.1147318482 a       743     0    75     1     3
     -4.7891261918 a       744     0    75     1     4
     -0.7333493687 a       745     0    75     1     5
     -7.4858208598 a       746     0    75     1     6
     -1.8238597107 a       747     0    75     1     7
     -6.4246541168 a       748     0    75     1     8
     -1.2063625209 a       749     0    75     1     9
      0.6998154670 a       750     0    75     1    10
      4.3442601294 a       751     0    76     1     1
      2.0332945291 a       752     0    76     1     2
     -0.6028202790 a       753     0    76     1     3
     -1.3892931517 a       754     0    76     1     4
     -1.4451491723 a       755     0    76     1     5
     -1.9102299174 a       756     0    76     1     6
      1.2187630665 a       757     0    76     1     7
     -1.7901433650 a       758     0    76     1     8
     -0.1103332105 a       759     0    76     1     9
     -0.7617929232 a       760     0    76     1    10
      1.0084044516 a       761     0    77     1     1
      3.6651355646 a       762     0    77     1     2
     -0.0980498402 a       763     0    77     1     3
      0.4710913337 a       764     0    77     1     4
     -4.9717669310 a       765     0    77     1     5
      0.2518830196 a       766     0    77     1     6
      1.4954064089 a       767     0    77     1     7
      4.5531755119 a       768     0    77     1     8
      0.7590092333 a       769     0    77     1     9
     -3.1493505356 a       770     0    77     1    10
     -5.4906806433 a       771     0    78     1     1
     -2.3557199347 a       772     0    78     1     2
     -1.1125672786 a       773     0    78     1     3
      1.8177231059 a       774     0    78     1     4
      1.7304038454 a       775     0    78     1     5
      4.7224205045 a       776     0    78     1     6
      7.2318383734 a       777     0    78     1     7
      8.7045187352 a       778     0    78     1     8
     -0.6749470518 a       779     0    78     1     9
     -0.8045202513 a       780     0    78     1    10
      3.3550029606 a       781     0    79     1     1
     -1.1337937136 a       782     0    79     1     2
      8.2002217005 a       783     0    79     1     3
      8.8160356986 a       784     0    79     1     4
     13.9672867399 a       785     0    79     1     5
      5.8486327933 a       786     0    79     1     6
     -2.1643304701 a       787     0    79     1     7
     -3.2380305321 a       788     0    79     1     8
      7.6599118842 a       789     0    79     1     9
     12.4823157207 a       790     0    79     1    10
      3.2716365193 a       791     0    80     1     1
      1.1816388829 a       792     0    80     1     2
      3.5008064053 a       793     0    80     1     3
      1.5108119453 a       794     0    80     1     4
      5.2992410927 a       795     0    80     1     5
     -0.5904184952 a       796     0    80     1     6
      1.4466533156 a       797     0    80     1     7
     -4.4919837679 a       798     0    80     1     8
     -0.3151665145 a       799     0    80     1     9
      4.9074894372 a       800     0    80     1    10
      3.7781685126 a       801     0    81     1     1
      1.3710439260 a       802     0    81     1     2
      6.2064769002 a       803     0    81     1     3
      2.5740075787 a       804     0    81     1     4
      1.0954301818 a       805     0    81     1     5
    -10.5797072037 a       806     0    81     1     6
      1.0206945329 a       807     0    81     1     7
     -5.5897206560 a       808     0    81     1     8
      1.3897082382 a       809     0    81     1     9
      6.1654324779 a       810     0    81     1    10
      5.4103324970 a       811     0    82     1     1
     -0.0702527181 a       812     0    82     1     2
     -2.1598510278 a       813     0    82     1     3
     -2.4620798485 a       814     0    82     1     4
      2.1967843516 a       815     0    82     1     5
     -1.9078463315 a       816     0    82     1     6
     -0.7795000393 a       817     0    82     1     7
     -4.9410646694 a       818     0    82     1     8
     -1.6622605078 a       819     0    82     1     9
      2.4532374296 a       820     0    82     1    10
      3.1809944930 a       821     0    83     1     1
     -1.6254910265 a       822     0    83     1     2
     -4.8264178722 a       823     0    83     1     3
     -0.9145300531 a       824     0    83     1     4
     -3.7194189352 a       825     0    83     1     5
      0.1147290349 a       826     0    83     1     6
     -3.2259728618 a       827     0    83     1     7
     -5.3801620214 a       828     0    83     1     8
     -1.4560903697 a       829     0    83     1     9
      0.8513377297 a       830     0    83     1    10
     -3.3511821064 a       831     0    84     1     1
     -7.0797143014 a       832     0    84     1     2
     -6.1784462005 a       833     0    84     1     3
     -6.5924165497 a       834     0    84     1     4
      1.0470264820 a       835     0    84     1     5
      4.9953789012 a       836     0    84     1     6
      3.8452655951 a       837     0    84     1     7
     -2.5367323066 a       838     0    84     1     8
     -7.3942825862 a       839     0    84     1     9
      0.1719941073 a       840     0    84     1    10
     -8.2490081223 a       841     0    85     1     1
    -11.2877374214 a       842     0    85     1     2
     -1.1139849220 a       843     0    85     1     3
      7.1430799996 a       844     0    85     1     4
    -18.5599810872 a       845     0    85     1     5
      1.6337435382 a       846     0    85     1     6
     11.0288648318 a       847     0    85     1     7
     14.1781310131 a       848     0    85     1     8
      5.5873585998 a       849     0    85     1     9
    -21.2898641841 a       850     0    85     1    10
      2.1326820931 a       851     0    86     1     1
      3.3427079908 a       852     0    86     1     2
      0.6083690847 a       853     0    86     1     3
     -1.8018323130 a       854     0    86     1     4
     -2.2683217596 a       855     0    86     1     5
     -0.5963756149 a       856     0    86     1     6
      0.3690661209 a       857     0    86     1     7
      4.0848773768 a       858     0    86     1     8
      0.1548174406 a       859     0    86     1     9
     -5.8652142561 a       860     0    86     1    10
     -0.3391646669 a       861     0    87     1     1
     14.2597002572 a       862     0    87     1     2
      4.0797696757 a       863     0    87     1     3
     -0.5845759266 a       864     0    87     1     4
      1.0395615762 a       865     0    87     1     5
      0.2883066508 a       866     0    87     1     6
      2.3882592198 a       867     0    87     1     7
      6.8557678869 a       868     0    87     1     8
      0.3400607158 a       869     0    87     1     9
     -2.9161360413 a       870     0    87     1    10
      3.4905526667 a       871     0    88     1     1
      4.3373354646 a       872     0    88     1     2
     -1.2552469387 a       873     0    88     1     3
     -1.3076283918 a       874     0    88     1     4
      0.0117559940 a       875     0    88     1     5
     -0.8000301269 a       876     0    88     1     6
      0.3355247204 a       877     0    88     1     7
      2.6318891994 a       878     0    88     1     8
      1.4313909167 a       879     0    88     1     9
     -3.9769365818 a       880     0    88     1    10
     -1.9282697177 a       881     0    89     1     1
      6.6973936140 a       882     0    89     1     2
      2.4268550610 a       883     0    89     1     3
      2.5686615267 a       884     0    89     1     4
     -3.8126074978 a       885     0    89     1     5
      2.9429766412 a       886     0    89     1     6
      1.7061499532 a       887     0    89     1     7
      9.1074617049 a       888     0    89     1     8
      1.5545845398 a       889     0    89     1     9
     -5.3506569752 a       890     0    89     1    10
     -8.4490805051 a       891     0    90     1     1
     -3.1874627863 a       892     0    90     1     2
      2.4853177612 a       893     0    90     1     3
      6.3677593376 a       894     0    90     1     4
     -3.2570482094 a       895     0    90     1     5
     -0.6304180630 a       896     0    90     1     6
      6.3807511166 a       897     0    90     1     7
      8.1829684107 a       898     0    90     1     8
      6.0620340356 a       899     0    90     1     9
     -2.4243350595 a       900     0    90     1    10
     -3.4156153776 a       901     0    91     1     1
      5.0574971125 a       902     0    91     1     2
      8.8532042492 a       903     0    91     1     3
     14.1004966111 a       904     0    91     1     4
     12.1411134623 a       905     0    91     1     5
      4.2056992060 a       906     0    91     1     6
      1.2423557174 a       907     0    91     1     7
      6.0968853424 a       908     0    91     1     8
     11.7949237022 a       909     0    91     1     9
      7.1621374900 a       910     0    91     1    10
      6.0586722678 a       911     0    92     1     1
     -1.0605104063 a       912     0    92     1     2
      0.3167291702 a       913     0    92     1     3
     -4.4204927058 a       914     0    92     1     4
      4.7149883902 a       915     0    92     1     5
     -1.1579888361 a       916     0    92     1     6
     -3.1984634246 a       917     0    92     1     7
     -9.6604813606 a       918     0    92     1     8
     -3.7711756144 a       919     0    92     1     9
      5.5281799392 a       920     0    92     1    10
      1.4090264355 a       921     0    93     1     1
     11.4768165965 a       922     0    93     1     2
      9.6968563108 a       923     0    93     1     3
      4.6960092009 a       924     0    93     1     4
      3.5638047823 a       925     0    93     1     5
     -2.1795422975 a       926     0    93     1     6
      6.2577330148 a       927     0    93     1     7
      7.0555664637 a       928     0    93     1     8
      3.2789650732 a       929     0    93     1     9
      0.2541619136 a       930     0    93     1    10
      5.2730590556 a       931     0    94     1     1
      2.8070062874 a       932     0    94     1     2
     -2.0849607760 a       933     0    94     1     3
     -2.0397450093 a       934     0    94     1     4
      2.6720495524 a       935     0    94     1     5
      0.8080757641 a       936     0    94     1     6
     -1.1341296801 a       937     0    94     1     7
     -2.1648062514 a       938     0    94     1     8
     -1.8261873241 a       939     0    94     1     9
      1.2998093389 a       940     0    94     1    10
      1.6729280939 a       941     0    95     1     1
      2.0391353984 a       942     0    95     1     2
     -2.6279759639 a       943     0    95     1     3
     -0.8393811753 a       944     0    95     1     4
     -3.3638397663 a       945     0    95     1     5
      2.8082043309 a       946     0    95     1     6
     -2.4392256157 a       947     0    95     1     7
     -4.2400427862 a       948     0    95     1     8
     -1.6727994340 a       949     0    95     1     9
     -0.5887593563 a       950     0    95     1    10
     -3.5692910095 a       951     0    96     1     1
     -7.9559077213 a       952     0    96     1     2
     -2.4323023087 a       953     0    96     1     3
     -2.1072942335 a       954     0    96     1     4
     -1.7576620483 a       955     0    96     1     5
      1.6728466781 a       956     0    96     1     6
      3.0254686926 a       957     0    96     1     7
     -4.0359776435 a       958     0    96     1     8
     -3.1981297599 a       959     0    96     1     9
      2.3034788112 a       960     0    96     1    10
      0.4046141617 a       961     0    97     1     1
    -16.0749595029 a       962     0    97     1     2
     11.2728579399 a       963     0    97     1     3
      7.0327312529 a       964     0    97     1     4
      4.3448332909 a       965     0    97     1     5
    -12.4083712986 a       966     0    97     1     6
      0.6040098977 a       967     0    97     1     7
     -3.2973451369 a       968     0    97     1     8
      1.0064976789 a       969     0    97     1     9
     15.5369304187 a       970     0    97     1    10
      3.1121970649 a       971     0    98     1     1
      3.1996841976 a       972     0    98     1     2
     -2.6413347562 a       973     0    98     1     3
     -0.9403257154 a       974     0    98     1     4
      1.1731366053 a       975     0    98     1     5
      0.6120085953 a       976     0    98     1     6
     -0.0049387373 a       977     0    98     1     7
      2.7195454526 a       978     0    98     1     8
     -2.3758331950 a       979     0    98     1     9
     -2.5092889198 a       980     0    98     1    10
      5.4920072109 a       981     0    99     1     1
      2.3466299340 a       982     0    99     1     2
      9.2197038014 a       983     0    99     1     3
      2.3396397882 a       984     0    99     1     4
      1.8139240160 a       985     0    99     1     5
     -8.5671747273 a       986     0    99     1     6
      0.1256308862 a       987     0    99     1     7
     -8.5751609633 a       988     0    99     1     8
      4.0552088344 a       989     0    99     1     9
      4.9512269770 a       990     0    99     1    10
      2.8360703854 a       991     0   100     1     1
      2.9640431462 a       992     0   100     1     2
     -2.1998100992 a       993     0   100     1     3
      2.5843416445 a       994     0   100     1     4
      5.3005970196 a       995     0   100     1     5
      1.8442147075 a       996     0   100     1     6
      2.5187546731 a       997     0   100     1     7
      2.7080295573 a       998     0   100     1     8
     -0.4827008582 a       999     0   100     1     9
      2.3272822343 a      1000     0   100     1    10
     -4.1408308340 a      1001     0   101     1     1
     -1.5002566884 a      1002     0   101     1     2
     -2.7176291551 a      1003     0   101     1     3
      7.2359840585 a      1004     0   101     1     4
      0.7578242516 a      1005     0   101     1     5
     -1.1562791343 a      1006     0   101     1     6
     -0.7988156221 a      1007     0   101     1     7
     -2.0735246829 a      1008     0   101     1     8
      2.9421222532 a      1009     0   101     1     9
      4.3343732669 a      1010     0   101     1    10
     -4.3927154379 a      1011     0   102     1     1
     -1.5279026844 a      1012     0   102     1     2
     -0.8474214652 a      1013     0   102     1     3
     -3.0952867388 a      1014     0   102     1     4
     -2.3473485927 a      1015     0   102     1     5
      3.4388768695 a      1016     0   102     1     6
      4.2349644648 a      1017     0   102     1     7
      7.5688897809 a      1018     0   102     1     8
     -4.2936410520 a      1019     0   102     1     9
      0.4070361600 a      1020     0   102     1    10
     -1.4475346346 a      1021     0   103     1     1
     -7.6098090144 a      1022     0   103     1     2
     -4.1269052694 a      1023     0   103     1     3
     -8.8816962551 a      1024     0   103     1     4
     -9.1317354458 a      1025     0   103     1     5
     -3.5875895646 a      1026     0   103     1     6
     -7.1583604812 a      1027     0   103     1     7
    -12.2263577178 a      1028     0   103     1     8
    -17.7684166745 a      1029     0   103     1     9
     -6.9544575860 a      1030     0   103     1    10
      4.0036065521 a      1031     0   104     1     1
     -9.2454045559 a      1032     0   104     1     2
     -0.2612879283 a      1033     0   104     1     3
      6.0627273637 a      1034     0   104     1     4
     -5.9961890638 a      1035     0   104     1     5
     -6.6514361644 a      1036     0   104     1     6
     -4.3307108230 a      1037     0   104     1     7
     -1.8568358653 a      1038     0   104     1     8
     -4.6814859804 a      1039     0   104     1     9
      0.1507285648 a      1040     0   104     1    10
      6.5612213110 a      1041     0   105     1     1
    -14.9547688211 a      1042     0   105     1     2
     20.1145965712 a      1043     0   105     1     3
     16.5027416112 a      1044     0   105     1     4
    -17.6335204369 a      1045     0   105     1     5
    -25.9284083044 a      1046     0   105     1     6
     -2.3715664849 a      1047     0   105     1     7
      5.3268317479 a      1048     0   105     1     8
      2.9351124030 a      1049     0   105     1     9
      5.7456751087 a      1050     0   105     1    10
     -0.7979241174 a      1051     0   106     1     1
     -2.0304026769 a      1052     0   106     1     2
     -8.4063155134 a      1053     0   106     1     3
     -0.2395172411 a      1054     0   106     1     4
     -4.1885410536 a      1055     0   106     1     5
     -1.5877426501 a      1056     0   106     1     6
     -2.2818085762 a      1057     0   106     1     7
     -4.4169346856 a      1058     0   106     1     8
     -2.0026299632 a      1059     0   106     1     9
     -6.3186241801 a      1060     0   106     1    10
      2.8768550214 a      1061     0   107     1     1
     -4.1971676971 a      1062     0   107     1     2
    -11.8030777784 a      1063     0   107     1     3
      1.6661308070 a      1064     0   107     1     4
      0.1187942193 a      1065     0   107     1     5
      8.6914649686 a      1066     0   107     1     6
     -5.0553940832 a      1067     0   107     1     7
      3.5950541180 a      1068     0   107     1     8
     -5.0113743580 a      1069     0   107     1     9
     -0.9563639636 a      1070     0   107     1    10
     -5.8963821026 a      1071     0   108     1     1
     -3.9722286867 a      1072     0   108     1     2
     -4.3377515318 a      1073     0   108     1     3
      5.9576248543 a      1074     0   108     1     4
    -12.3481158013 a      1075     0   108     1     5
    -12.9963966787 a      1076     0   108     1     6
      3.4211069423 a      1077     0   108     1     7
     10.9877986794 a      1078     0   108     1     8
      3.4911596190 a      1079     0   108     1     9
     -7.8589990538 a      1080     0   108     1    10
     -8.8776761178 a      1081     0   109     1     1
    -35.5683049391 a      1082     0   109     1     2
     -3.5585700667 a      1083     0   109     1     3
      7.4830452021 a      1084     0   109     1     4
    -23.7060180396 a      1085     0   109     1     5
     -9.3259619175 a      1086     0   109     1     6
     12.1541450511 a      1087     0   109     1     7
    -12.5922326948 a      1088     0   109     1     8
      0.5533563931 a      1089     0   109     1     9
    -11.6120818115 a      1090     0   109     1    10
     -0.1631895663 a      1091     0   110     1     1
      3.8662927777 a      1092     0   110     1     2
     -2.2806436007 a      1093     0   110     1     3
     -2.0243382208 a      1094     0   110     1     4
     -4.9415832627 a      1095     0   110     1     5
     -0.0786695085 a      1096     0   110     1     6
      0.7504480428 a      1097     0   110     1     7
      5.0152045659 a      1098     0   110     1     8
     -0.4336470433 a      1099     0   110     1     9
     -9.6048757664 a      1100     0   110     1    10
      2.9332441677 a      1101     0   111     1     1
     16.8964506681 a      1102     0   111     1     2
     -1.0570263353 a      1103     0   111     1     3
    -10.3837309837 a      1104     0   111     1     4
      2.0443833741 a      1105     0   111     1     5
      8.2028302787 a      1106     0   111     1     6
      3.7117809208 a      1107     0   111     1     7
      1.9479277291 a      1108     0   111     1     8
     -9.5067046514 a      1109     0   111     1     9
     -2.0884600131 a      1110     0   111     1    10
      3.4164970341 a      1111     0   112     1     1
      7.9547703425 a      1112     0   112     1     2
     -0.1558990601 a      1113     0   112     1     3
     -2.5585732528 a      1114     0   112     1     4
     -0.9160658168 a      1115     0   112     1     5
      1.2924405116 a      1116     0   112     1     6
      0.8286878177 a      1117     0   112     1     7
      4.2797970439 a      1118     0   112     1     8
      2.2354572605 a      1119     0   112     1     9
     -3.6837164644 a      1120     0   112     1    10
     -2.1148090953 a      1121     0   113     1     1
      7.5833089327 a      1122     0   113     1     2
      2.8578671760 a      1123     0   113     1     3
     -0.2766115229 a      1124     0   113     1     4
     -2.3733960707 a      1125     0   113     1     5
      6.3018070858 a      1126     0   113     1     6
     -1.6904798199 a      1127     0   113     1     7
      2.7893719170 a      1128     0   113     1     8
     -0.6377068735 a      1129     0   113     1     9
     -3.2151264474 a      1130     0   113     1    10
     -2.3035739560 a      1131     0   114     1     1
    -10.0491129245 a      1132     0   114     1     2
     -3.6099790786 a      1133     0   114     1     3
      0.8052027232 a      1134     0   114     1     4
     -3.6092404138 a      1135     0   114     1     5
     -7.6378448880 a      1136     0   114     1     6
      0.1350878568 a      1137     0   114     1     7
    -15.0509928103 a      1138     0   114     1     8
      2.0768984080 a      1139     0   114     1     9
      3.4121023976 a      1140     0   114     1    10
      6.5625785279 a      1141     0   115     1     1
     -4.5071932348 a      1142     0   115     1     2
     -2.5620295025 a      1143     0   115     1     3
     -4.0043075043 a      1144     0   115     1     4
     12.9174226192 a      1145     0   115     1     5
      3.7881009260 a      1146     0   115     1     6
     -9.4039584282 a      1147     0   115     1     7
    -33.7986032889 a      1148     0   115     1     8
     -1.6656061195 a      1149     0   115     1     9
     14.4690745654 a      1150     0   115     1    10
      3.5845539254 a      1151     0   116     1     1
      1.8675258521 a      1152     0   116     1     2
     -2.5029764385 a      1153     0   116     1     3
     -5.0095563572 a      1154     0   116     1     4
      2.9176770121 a      1155     0   116     1     5
     -1.1637829387 a      1156     0   116     1     6
     -2.4417522088 a      1157     0   116     1     7
     -5.3830406351 a      1158     0   116     1     8
     -3.3704019374 a      1159     0   116     1     9
      1.5372587360 a      1160     0   116     1    10
      2.4125347423 a      1161     0   117     1     1
     18.5016006665 a      1162     0   117     1     2
      3.1242184588 a      1163     0   117     1     3
     -2.9752538780 a      1164     0   117     1     4
      3.0759661524 a      1165     0   117     1     5
      7.6792045163 a      1166     0   117     1     6
      5.9770093595 a      1167     0   117     1     7
      7.7177207610 a      1168     0   117     1     8
     -2.9782987670 a      1169     0   117     1     9
     -2.9199331640 a      1170     0   117     1    10
      6.5341640435 a      1171     0   118     1     1
      3.4835839632 a      1172     0   118     1     2
     -4.3905408695 a      1173     0   118     1     3
     -5.6593118199 a      1174     0   118     1     4
      1.9898468170 a      1175     0   118     1     5
      1.0784164793 a      1176     0   118     1     6
     -1.5488762573 a      1177     0   118     1     7
     -5.1572746274 a      1178     0   118     1     8
     -2.4855754128 a      1179     0   118     1     9
      0.2704983347 a      1180     0   118     1    10
      1.5656484637 a      1181     0   119     1     1
      5.5173621092 a      1182     0   119     1     2
     -1.2065743502 a      1183     0   119     1     3
     -3.2342803629 a      1184     0   119     1     4
      1.3057807244 a      1185     0   119     1     5
      5.2207571914 a      1186     0   119     1     6
     -5.1912844760 a      1187     0   119     1     7
     -8.1435716781 a      1188     0   119     1     8
     -2.1640934899 a      1189     0   119     1     9
      0.8104082705 a      1190     0   119     1    10
      0.7356507595 a      1191     0   120     1     1
     -8.3628031899 a      1192     0   120     1     2
     -4.9284438952 a      1193     0   120     1     3
     -4.0620969963 a      1194     0   120     1     4
      0.0924617210 a      1195     0   120     1     5
     -4.1481102213 a      1196     0   120     1     6
     -2.0942927034 a      1197     0   120     1     7
    -18.2150797862 a      1198     0   120     1     8
     -0.8047013499 a      1199     0   120     1     9
      7.4101594130 a      1200     0   120     1    10
     -3.5907489945 a      1201     0   121     1     1
     15.7255904991 a      1202     0   121     1     2
     -4.7730905078 a      1203     0   121     1     3
     -8.9809047080 a      1204     0   121     1     4
     -0.0801092815 a      1205     0   121     1     5
      4.4243061248 a      1206     0   121     1     6
     -4.8043351328 a      1207     0   121     1     7
     11.9778248342 a      1208     0   121     1     8
     -2.4343661323 a      1209     0   121     1     9
    -11.9510311388 a      1210     0   121     1    10
      4.1283310236 a      1211     0   122     1     1
      6.7916733481 a      1212     0   122     1     2
     -4.4597991561 a      1213     0   122     1     3
     -5.9758771722 a      1214     0   122     1     4
      1.4290893556 a      1215     0   122     1     5
      1.1253080829 a      1216     0   122     1     6
     -2.9011210726 a      1217     0   122     1     7
      2.5551340991 a      1218     0   122     1     8
     -1.8831540949 a      1219     0   122     1     9
     -4.0957517862 a      1220     0   122     1    10
     10.2816367558 a      1221     0   123     1     1
     13.6340614387 a      1222     0   123     1     2
     -3.1851514345 a      1223     0   123     1     3
    -12.5056590106 a      1224     0   123     1     4
      2.5173342229 a      1225     0   123     1     5
      6.0450397574 a      1226     0   123     1     6
     -1.5150106706 a      1227     0   123     1     7
    -15.1550670329 a      1228     0   123     1     8
     -5.7785943950 a      1229     0   123     1     9
     -1.7250180560 a      1230     0   123     1    10
      1.8695820117 a      1231     0   124     1     1
      0.6292006208 a      1232     0   124     1     2
     -2.9405424700 a      1233     0   124     1     3
      2.0660147812 a      1234     0   124     1     4
      2.1509884152 a      1235     0   124     1     5
      0.8645691570 a      1236     0   124     1     6
      4.8138345816 a      1237     0   124     1     7
      5.2143220296 a      1238     0   124     1     8
     -1.1991571540 a      1239     0   124     1     9
     -0.2143806669 a      1240     0   124     1    10
     -4.8154278031 a      1241     0   125     1     1
      0.9521537104 a      1242     0   125     1     2
      0.0524115900 a      1243     0   125     1     3
      4.9870995457 a      1244     0   125     1     4
      3.5868174368 a      1245     0   125     1     5
      0.9267605070 a      1246     0   125     1     6
     -2.3814095840 a      1247     0   125     1     7
     -3.4045479841 a      1248     0   125     1     8
      2.7125823771 a      1249     0   125     1     9
      5.4294469601 a      1250     0   125     1    10
     -9.6935749937 a      1251     0   126     1     1
      8.6775537445 a      1252     0   126     1     2
      5.1468173097 a      1253     0   126     1     3
      7.0756407446 a      1254     0   126     1     4
      2.6832988614 a      1255     0   126     1     5
      2.4379494587 a      1256     0   126     1     6
      3.8792032290 a      1257     0   126     1     7
     15.7704242883 a      1258     0   126     1     8
      7.3466128188 a      1259     0   126     1     9
      2.1538673098 a      1260     0   126     1    10
    -11.2488537590 a      1261     0   127     1     1
     10.9800894159 a      1262     0   127     1     2
      9.3345001844 a      1263     0   127     1     3
     15.1831022631 a      1264     0   127     1     4
      3.8780635550 a      1265     0   127     1     5
     -4.0348874765 a      1266     0   127     1     6
     -8.2639295966 a      1267     0   127     1     7
     24.2153999020 a      1268     0   127     1     8
     10.1300443138 a      1269     0   127     1     9
    -11.0033472018 a      1270     0   127     1    10
      3.4062262785 a      1271     0   128     1     1
      3.4963499194 a      1272     0   128     1     2
     -1.3734065357 a      1273     0   128     1     3
      5.3249947722 a      1274     0   128     1     4
     -0.0339271088 a      1275     0   128     1     5
     -1.9972049331 a      1276     0   128     1     6
     -3.7065432302 a      1277     0   128     1     7
      4.7201636026 a      1278     0   128     1     8
      0.2522857775 a      1279     0   128     1     9
     -1.9648350931 a      1280     0   128     1    10
     10.8435607203 a      1281     0   129     1     1
     20.9649025842 a      1282     0   129     1     2
      3.4567504235 a      1283     0   129     1     3
      2.5418152896 a      1284     0   129     1     4
     -7.7669918049 a      1285     0   129     1     5
     -4.1158991391 a      1286     0   129     1     6
    -17.0219595203 a      1287     0   129     1     7
      7.2537697837 a      1288     0   129     1     8
      1.1434662249 a      1289     0   129     1     9
    -12.8419711262 a      1290     0   129     1    10
     -4.9709406245 a      1291     0   130     1     1
      0.1012411080 a      1292     0   130     1     2
     -5.1436610993 a      1293     0   130     1     3
      6.5753153945 a      1294     0   130     1     4
     -1.1536841107 a      1295     0   130     1     5
     -1.5928036818 a      1296     0   130     1     6
      2.2080575910 a      1297     0   130     1     7
      5.2591183121 a      1298     0   130     1     8
      1.8461335948 a      1299     0   130     1     9
     -2.6828787442 a      1300     0   130     1    10
     -0.2142879913 a      1301     0   131     1     1
     -3.9329688150 a      1302     0   131     1     2
     -2.1013380954 a      1303     0   131     1     3
      9.1240770222 a      1304     0   131     1     4
      3.5279340376 a      1305     0   131     1     5
      5.0455687129 a      1306     0   131     1     6
      0.1883334148 a      1307     0   131     1     7
      4.6347717198 a      1308     0   131     1     8
      2.1425319489 a      1309     0   131     1     9
      2.5566251602 a      1310     0   131     1    10
      4.9861378287 a      1311     0   132     1     1
     -2.1855656212 a      1312     0   132     1     2
     -1.7464374082 a      1313     0   132     1     3
     -0.2416386976 a      1314     0   132     1     4
      9.8515821025 a      1315     0   132     1     5
     -3.8890931732 a      1316     0   132     1     6
     -8.9782298596 a      1317     0   132     1     7
    -13.7276281623 a      1318     0   132     1     8
      0.2005682448 a      1319     0   132     1     9
     12.1394036305 a      1320     0   132     1    10
    -17.8171190297 a      1321     0   133     1     1
    -32.2537293839 a      1322     0   133     1     2
     20.3748171429 a      1323     0   133     1     3
     36.3886181092 a      1324     0   133     1     4
    -11.2026349936 a      1325     0   133     1     5
    -22.6262697425 a      1326     0   133     1     6
     13.9423326013 a      1327     0   133     1     7
      2.1745679883 a      1328     0   133     1     8
     24.4781077944 a      1329     0   133     1     9
      2.7222421757 a      1330     0   133     1    10
     -3.0104719298 a      1331     0   134     1     1
      0.2453972648 a      1332     0   134     1     2
     -0.5819069249 a      1333     0   134     1     3
      2.1398925676 a      1334     0   134     1     4
     -3.9960194041 a      1335     0   134     1     5
     -2.1155243134 a      1336     0   134     1     6
      2.7995179589 a      1337     0   134     1     7
     -4.7257869453 a      1338     0   134     1     8
      2.9285161371 a      1339     0   134     1     9
     -3.4624099700 a      1340     0   134     1    10
     -3.0002918664 a      1341     0   135     1     1
     -0.6191828427 a      1342     0   135     1     2
     -8.0725687470 a      1343     0   135     1     3
     -3.4675439965 a      1344     0   135     1     4
      5.4830482755 a      1345     0   135     1     5
      3.0937495058 a      1346     0   135     1     6
      3.3120994290 a      1347     0   135     1     7
     -9.5821129389 a      1348     0   135     1     8
    -14.7673835731 a      1349     0   135     1     9
     13.2722501696 a      1350     0   135     1    10
      3.4838353705 a      1351     0   136     1     1
      9.7622442692 a      1352     0   136     1     2
      2.2112835369 a      1353     0   136     1     3
     -1.0866944716 a      1354     0   136     1     4
     -1.3307486591 a      1355     0   136     1     5
      0.5685360658 a      1356     0   136     1     6
      3.0516626177 a      1357     0   136     1     7
      3.5804975690 a      1358     0   136     1     8
      4.2491710913 a      1359     0   136     1     9
     -2.4821288380 a      1360     0   136     1    10
     -0.5432242592 a      1361     0   137     1     1
     -0.7811020003 a      1362     0   137     1     2
      6.6359570362 a      1363     0   137     1     3
      1.3191834925 a      1364     0   137     1     4
      3.1173317634 a      1365     0   137     1     5
      3.3045719231 a      1366     0   137     1     6
     -1.2246239819 a      1367     0   137     1     7
     -1.4877145463 a      1368     0   137     1     8
     -3.8839513076 a      1369     0   137     1     9
      4.8755626853 a      1370     0   137     1    10
     -0.4508751032 a      1371     0   138     1     1
      1.7748969762 a      1372     0   138     1     2
      0.7738414824 a      1373     0   138     1     3
      0.6657624155 a      1374     0   138     1     4
     -7.0201939259 a      1375     0   138     1     5
     -9.7578875466 a      1376     0   138     1     6
      2.8597380681 a      1377     0   138     1     7
      0.9646789713 a      1378     0   138     1     8
      6.9074443036 a      1379     0   138     1     9
     -3.6339643063 a      1380     0   138     1    10
      4.9962071537 a      1381     0   139     1     1
     -4.0537552095 a      1382     0   139     1     2
      4.4887242164 a      1383     0   139     1     3
      2.1640078575 a      1384     0   139     1     4
      9.6359115343 a      1385     0   139     1     5
     -1.8218644241 a      1386     0   139     1     6
    -12.9322097788 a      1387     0   139     1     7
    -31.7337331618 a      1388     0   139     1     8
      3.6858632077 a      1389     0   139     1     9
     13.4660415820 a      1390     0   139     1    10
     -1.6937609699 a      1391     0   140     1     1
      1.4503040902 a      1392     0   140     1     2
      2.2198643517 a      1393     0   140     1     3
      2.6857127269 a      1394     0   140     1     4
      2.9648951552 a      1395     0   140     1     5
     -2.7325579952 a      1396     0   140     1     6
      0.8137979415 a      1397     0   140     1     7
     -3.1823796163 a      1398     0   140     1     8
      3.0264598008 a      1399     0   140     1     9
      2.0826394947 a      1400     0   140     1    10
    -10.6714805893 a      1401     0   141     1     1
      7.2085312898 a      1402     0   141     1     2
     -1.3207087207 a      1403     0   141     1     3
      9.7325862745 a      1404     0   141     1     4
      6.8578427220 a      1405     0   141     1     5
      4.6910161522 a      1406     0   141     1     6
     10.9266777905 a      1407     0   141     1     7
     15.1213573306 a      1408     0   141     1     8
     -1.5842475599 a      1409     0   141     1     9
      3.6461888862 a      1410     0   141     1    10
      4.5360202247 a      1411     0   142     1     1
      0.4583787241 a      1412     0   142     1     2
     -0.2233873609 a      1413     0   142     1     3
     -3.4937485089 a      1414     0   142     1     4
      0.4744367880 a      1415     0   142     1     5
     -3.5706333847 a      1416     0   142     1     6
      3.2319053706 a      1417     0   142     1     7
     -5.8746328080 a      1418     0   142     1     8
      0.6455093822 a      1419     0   142     1     9
      3.0248525430 a      1420     0   142     1    10
     -3.6393892366 a      1421     0   143     1     1
     -1.4603311158 a      1422     0   143     1     2
      1.0611021536 a      1423     0   143     1     3
     -2.6960788316 a      1424     0   143     1     4
     -0.1866124439 a      1425     0   143     1     5
      4.0937960303 a      1426     0   143     1     6
     -1.7215060060 a      1427     0   143     1     7
     -3.2385120890 a      1428     0   143     1     8
     -5.6266530965 a      1429     0   143     1     9
      2.3379865054 a      1430     0   143     1    10
      0.3638144086 a      1431     0   144     1     1
      8.8744431875 a      1432     0   144     1     2
      1.3034793475 a      1433     0   144     1     3
     -0.5143692670 a      1434     0   144     1     4
     -1.6253512905 a      1435     0   144     1     5
     -3.6524408913 a      1436     0   144     1     6
      0.6290058246 a      1437     0   144     1     7
      4.0835611446 a      1438     0   144     1     8
      6.0629829231 a      1439     0   144     1     9
     -1.8211244072 a      1440     0   144     1    10
     -3.6813149411 a      1441     0   145     1     1
     32.5673772695 a      1442     0   145     1     2
     -5.5461838223 a      1443     0   145     1     3
    -14.0054258314 a      1444     0   145     1     4
     -4.7248691204 a      1445     0   145     1     5
     17.7618542242 a      1446     0   145     1     6
     -7.8796149416 a      1447     0   145     1     7
     30.0779369463 a      1448     0   145     1     8
     -0.6142070289 a      1449     0   145     1     9
    -32.4645067190 a      1450     0   145     1    10
     -0.7014079505 a      1451     0   146     1     1
      4.5762477547 a      1452     0   146     1     2
     -0.8039168613 a      1453     0   146     1     3
      0.9478076047 a      1454     0   146     1     4
      3.6143509984 a      1455     0   146     1     5
      0.0268339336 a      1456     0   146     1     6
      1.8860945860 a      1457     0   146     1     7
      4.0468583951 a      1458     0   146     1     8
      1.0056071983 a      1459     0   146     1     9
     -0.6513870003 a      1460     0   146     1    10
     -5.1513753897 a      1461     0   147     1     1
     11.3864577762 a      1462     0   147     1     2
     -8.1906595148 a      1463     0   147     1     3
     -1.3369127173 a      1464     0   147     1     4
      5.8218077189 a      1465     0   147     1     5
      8.5965217358 a      1466     0   147     1     6
      9.1354057977 a      1467     0   147     1     7
      2.5925976470 a      1468     0   147     1     8
     -5.7775997653 a      1469     0   147     1     9
     -4.5706311987 a      1470     0   147     1    10
      0.1613635494 a      1471     0   148     1     1
     -6.6262331176 a      1472     0   148     1     2
     -1.1529920387 a      1473     0   148     1     3
      3.7719862265 a      1474     0   148     1     4
     -1.8841416770 a      1475     0   148     1     5
     -3.5806235527 a      1476     0   148     1     6
      9.8750951906 a      1477     0   148     1     7
      2.9874081066 a      1478     0   148     1     8
      0.9071129374 a      1479     0   148     1     9
      3.0146236051 a      1480     0   148     1    10
     -9.9604854392 a      1481     0   149     1     1
     -1.3839332634 a      1482     0   149     1     2
     -2.6945601470 a      1483     0   149     1     3
      0.5947272049 a      1484     0   149     1     4
     -2.8640627017 a      1485     0   149     1     5
      0.6354460388 a      1486     0   149     1     6
      5.4022747370 a      1487     0   149     1     7
      5.2573290103 a      1488     0   149     1     8
     -1.6141143593 a      1489     0   149     1     9
     -4.3093377294 a      1490     0   149     1    10
      1.9988319223 a      1491     0   150     1     1
     13.9519229359 a      1492     0   150     1     2
     -6.4074973736 a      1493     0   150     1     3
     -9.0299968154 a      1494     0   150     1     4
      7.1333286786 a      1495     0   150     1     5
      5.3399378315 a      1496     0   150     1     6
     -6.2930878609 a      1497     0   150     1     7
     -7.0978810979 a      1498     0   150     1     8
     -2.6923141892 a      1499     0   150     1     9
      5.4687133289 a      1500     0   150     1    10
     13.9174474114 a      1501     0   151     1     1
      2.6732789262 a      1502     0   151     1     2
      3.2518582677 a      1503     0   151     1     3
    -11.2641078085 a      1504     0   151     1     4
     10.7659838891 a      1505     0   151     1     5
      8.0872372351 a      1506     0   151     1     6
    -25.4295054712 a      1507     0   151     1     7
    -10.1605509364 a      1508     0   151     1     8
     -5.8815661444 a      1509     0   151     1     9
     -0.7500462084 a      1510     0   151     1    10
      6.0525578118 a      1511     0   152     1     1
      4.9535589615 a      1512     0   152     1     2
     -1.9854462771 a      1513     0   152     1     3
      0.0915886581 a      1514     0   152     1     4
      1.6494625405 a      1515     0   152     1     5
     -1.0623065131 a      1516     0   152     1     6
      1.4031598556 a      1517     0   152     1     7
     -0.4783446816 a      1518     0   152     1     8
      0.4104210223 a      1519     0   152     1     9
     -1.4441850747 a      1520     0   152     1    10
     -0.2226858275 a      1521     0   153     1     1
      7.0237849835 a      1522     0   153     1     2
    -10.0479744616 a      1523     0   153     1     3
      6.6820644879 a      1524     0   153     1     4
      1.3377664965 a      1525     0   153     1     5
      2.6460779962 a      1526     0   153     1     6
     -3.3501843307 a      1527     0   153     1     7
     -5.4516888586 a      1528     0   153     1     8
    -10.6081931948 a      1529     0   153     1     9
     -1.1701484041 a      1530     0   153     1    10
     -1.7736422953 a      1531     0   154     1     1
     -1.3338448143 a      1532     0   154     1     2
     -3.5169514007 a      1533     0   154     1     3
      3.4363813737 a      1534     0   154     1     4
      2.5739549071 a      1535     0   154     1     5
      0.6131668375 a      1536     0   154     1     6
     -0.3887624616 a      1537     0   154     1     7
     -1.9010335047 a      1538     0   154     1     8
     -2.7388126744 a      1539     0   154     1     9
      5.1499050805 a      1540     0   154     1    10
      0.4108536493 a      1541     0   155     1     1
     -2.6658810726 a      1542     0   155     1     2
      1.2039267838 a      1543     0   155     1     3
     -0.3939683251 a      1544     0   155     1     4
     -2.9038619229 a      1545     0   155     1     5
      0.2446631051 a      1546     0   155     1     6
      4.4514590828 a      1547     0   155     1     7
     -5.2754539144 a      1548     0   155     1     8
      0.9542883024 a      1549     0   155     1     9
      0.1434573334 a      1550     0   155     1    10
     -7.3060334132 a      1551     0   156     1     1
      5.5125897034 a      1552     0   156     1     2
     -3.0868565085 a      1553     0   156     1     3
     -2.9119588274 a      1554     0   156     1     4
      7.2720546357 a      1555     0   156     1     5
      7.7154066178 a      1556     0   156     1     6
      3.6479526000 a      1557     0   156     1     7
      6.1205391916 a      1558     0   156     1     8
     -1.2192200626 a      1559     0   156     1     9
      1.0292411867 a      1560     0   156     1    10
      1.4429178257 b      1561     1     1
      2.7306759172 b      1562     1     2
      3.6737636254 b      1563     1     3
      7.2430773207 b      1564     1     4
      5.9271945167 b      1565     1     5
     -5.7709606975 b      1566     1     6
      4.8594675074 b      1567     1     7
     -6.6822805832 b      1568     1     8
      1.9644970515 b      1569     1     9
      8.2587360719 b      1570     1    10
      2.0972189008 a      1571     1     1     2     1
      5.7151641807 a      1572     1     1     2     2
      1.9383848842 a      1573     1     1     2     3
      4.6020556297 a      1574     1     1     2     4
      3.6321588081 a      1575     1     1     2     5
     -7.4905227439 a      1576     1     1     2     6
     -7.9056271261 a      1577     1     1     2     7
    -12.9190954626 a      1578     1     1     2     8
    -16.7797590442 a      1579     1     1     2     9
    -12.6333141050 a      1580     1     1     2    10
     -8.2257674222 a      1581     1     2     2     1
     -0.6250027411 a      1582     1     2     2     2
    -68.8172764202 a      1583     1     2     2     3
     -4.8892441751 a      1584     1     2     2     4
    -31.2649344188 a      1585     1     2     2     5
     -0.2277872631 a      1586     1     2     2     6
    -21.0059649616 a      1587     1     2     2     7
    -75.8997366118 a      1588     1     2     2     8
      2.0122256491 a      1589     1     2     2     9
      5.1117533286 a      1590     1     2     2    10
    -10.4836842608 a      1591     1     3     2     1
     -4.6997806450 a      1592     1     3     2     2
     13.0582100687 a      1593     1     3     2     3
     -1.5897909679 a      1594     1     3     2     4
    -24.0433688166 a      1595     1     3     2     5
     -0.0600060506 a      1596     1     3     2     6
     -3.4350527253 a      1597     1     3     2     7
      3.9227267288 a      1598     1     3     2     8
     -4.5690941566 a      1599     1     3     2     9
    -16.5277069804 a      1600     1     3     2    10
      7.8546423624 a      1601     1     4     2     1
    -18.9466135421 a      1602     1     4     2     2
     19.6362308118 a      1603     1     4     2     3
    -12.5853952449 a      1604     1     4     2     4
    -14.7330228621 a      1605     1     4     2     5
     16.4583187478 a      1606     1     4     2     6
      8.6836192042 a      1607     1     4     2     7
     15.1958169955 a      1608     1     4     2     8
      0.0074135949 a      1609     1     4     2     9
      3.5259575500 a      1610     1     4     2    10
      4.2543129958 a      1611     1     5     2     1
     -4.9816363350 a      1612     1     5     2     2
    -12.6669890935 a      1613     1     5     2     3
      7.8831932267 a      1614     1     5     2     4
      4.8901595617 a      1615     1     5     2     5
     26.4996608110 a      1616     1     5     2     6
     -7.8823010628 a      1617     1     5     2     7
    -37.6649690232 a      1618     1     5     2     8
      3.3352495242 a      1619     1     5     2     9
     -0.8543988238 a      1620     1     5     2    10
      2.4388619618 a      1621     1     6     2     1
     -0.6030340843 a      1622     1     6     2     2
    -29.5060486726 a      1623     1     6     2     3
     -2.0199237573 a      1624     1     6     2     4
     18.9323770990 a      1625     1     6     2     5
     16.9774416827 a      1626     1     6     2     6
     -2.0753690223 a      1627     1     6     2     7
    -30.5039853286 a      1628     1     6     2     8
      0.8939285944 a      1629     1     6     2     9
     10.4178772014 a      1630     1     6     2    10
    -15.3355678773 a      1631     1     7     2     1
      1.2427754386 a      1632     1     7     2     2
      6.8511911877 a      1633     1     7     2     3
     -4.0079496188 a      1634     1     7     2     4
      4.6247574775 a      1635     1     7     2     5
     16.4947746465 a      1636     1     7     2     6
    -15.6242881589 a      1637     1     7     2     7
     19.8472070569 a      1638     1     7     2     8
     13.0507680704 a      1639     1     7     2     9
     31.1120528572 a      1640     1     7     2    10
     -2.9679355873 a      1641     1     8     2     1
     -8.8119519761 a      1642     1     8     2     2
    -36.1064314185 a      1643     1     8     2     3
    -29.2352746762 a      1644     1     8     2     4
    -11.4386160249 a      1645     1     8     2     5
      7.4795764120 a      1646     1     8     2     6
     28.8687989036 a      1647     1     8     2     7
     -0.4713580720 a      1648     1     8     2     8
     10.0758782606 a      1649     1     8     2     9
      0.3862276314 a      1650     1     8     2    10
     11.6686714845 a      1651     1     9     2     1
    -15.5354896713 a      1652     1     9     2     2
     -0.4855011073 a      1653     1     9     2     3
    -11.8412730511 a      1654     1     9     2     4
    -28.8445264531 a      1655     1     9     2     5
     -9.9055034433 a      1656     1     9     2     6
      2.0761954394 a      1657     1     9     2     7
     -0.6933129797 a      1658     1     9     2     8
      9.7838156190 a      1659     1     9     2     9
     -5.8739762279 a      1660     1     9     2    10
      3.3315967493 a      1661     1    10     2     1
      9.1363251080 a      1662     1    10     2     2
     24.9451145854 a      1663     1    10     2     3
      7.3501848461 a      1664     1    10     2     4
     20.0049562129 a      1665     1    10     2     5
     23.4766899678 a      1666     1    10     2     6
    -20.7619191846 a      1667     1    10     2     7
     -8.3222538415 a      1668     1    10     2     8
     -3.5502867884 a      1669     1    10     2     9
    -11.7749560530 a      1670     1    10     2    10
     -0.8536477227 b      1671     2     1
      0.4104286359 b      1672     2     2
     -2.1182988327 b      1673     2     3
     -0.5606979841 b      1674     2     4
     -1.0604191455 b      1675     2     5
     -0.5169732928 b      1676     2     6
      2.1335818057 b      1677     2     7
     -1.2717003298 b      1678     2     8
     -2.9267732940 b      1679     2     9
     -2.9202472023 b      1680     2    10
      1.9022388196 a      1681     2     1     3     1
     -1.5775042890 a      1682     2     2     3     1
     -7.9706353502 a      1683     2     3     3     1
     -0.9518682555 a      1684     2     4     3     1
     -3.1536514130 a      1685     2     5     3     1
      5.1071901687 a      1686     2     6     3     1
     -2.6779788255 a      1687     2     7     3     1
      7.0609929447 a      1688     2     8     3     1
     -0.2155597352 a      1689     2     9     3     1
     -2.9319206873 a      1690     2    10     3     1
      0.2640433443 b      1691     3     1
