     -6.4187857056 a         1     0     1     1     1
      2.6042321959 a         2     0     1     1     2
    -12.9529140075 a         3     0     1     1     3
      8.2915914537 a         4     0     1     1     4
     -3.3467829842 a         5     0     1     1     5
      5.3781788947 a         6     0     1     1     6
      7.3639371587 a         7     0     1     1     7
     -8.1046583483 a         8     0     1     1     8
     -9.0705718056 a         9     0     1     1     9
     13.6779403457 a        10     0     1     1    10
      8.5255640095 a        11     0     2     1     1
     -6.6660263907 a        12     0     2     1     2
    -20.4656764013 a        13     0     2     1     3
     40.0907267613 a        14     0     2     1     4
     26.1214738757 a        15     0     2     1     5
    -19.5486412084 a        16     0     2     1     6
      5.7738075672 a        17     0     2     1     7
      6.3712157104 a        18     0     2     1     8
     -1.5278184100 a        19     0     2     1     9
      9.9237563918 a        20     0     2     1    10
     -0.6146061283 a        21     0     3     1     1
     -2.1332457679 a        22     0     3     1     2
     -3.8942288724 a        23     0     3     1     3
      8.2325735869 a        24     0     3     1     4
     -8.7854262009 a        25     0     3     1     5
      4.5342465215 a        26     0     3     1     6
     -8.7834567233 a        27     0     3     1     7
     -4.4532725322 a        28     0     3     1     8
      3.9707940510 a        29     0     3     1     9
     -0.5047720200 a        30     0     3     1    10
      5.1857973298 a        31     0     4     1     1
     -3.0584819713 a        32     0     4     1     2
      8.3330226553 a        33     0     4     1     3
     -2.9068792624 a        34     0     4     1     4
     -6.1849725144 a        35     0     4     1     5
     14.2493528065 a        36     0     4     1     6
      9.3690433083 a        37     0     4     1     7
     -7.8621924665 a        38     0     4     1     8
    -10.4445564063 a        39     0     4     1     9
     -4.3881410765 a        40     0     4     1    10
    -15.1625430325 a        41     0     5     1     1
     26.2229931195 a        42     0     5     1     2
      6.0056875889 a        43     0     5     1     3
    -27.7114364253 a        44     0     5     1     4
     -9.2277818816 a        45     0     5     1     5
     44.1959872977 a        46     0     5     1     6
    -12.8689981842 a        47     0     5     1     7
    -25.0949503440 a        48     0     5     1     8
     -7.9814519061 a        49     0     5     1     9
    -27.9666783409 a        50     0     5     1    10
     -2.4723250986 a        51     0     6     1     1
     -1.9884552586 a        52     0     6     1     2
      3.0631236462 a        53     0     6     1     3
     -2.4627084291 a        54     0     6     1     4
     -0.2533034297 a        55     0     6     1     5
      6.2972969562 a        56     0     6     1     6
     -2.8499458835 a        57     0     6     1     7
    -11.6053790570 a        58     0     6     1     8
     -3.2376963695 a        59     0     6     1     9
     -3.5600585864 a        60     0     6     1    10
     -3.2185228719 a        61     0     7     1     1
     -1.1734946387 a        62     0     7     1     2
      1.5155102960 a        63     0     7     1     3
    -15.5200021074 a        64     0     7     1     4
     -0.7432757665 a        65     0     7     1     5
     12.0582075935 a        66     0     7     1     6
      2.9170392922 a        67     0     7     1     7
    -11.0543276986 a        68     0     7     1     8
     -5.8962797032 a        69     0     7     1     9
     -7.4638307832 a        70     0     7     1    10
      4.7514750279 a        71     0     8     1     1
     18.5558458442 a        72     0     8     1     2
     29.7677086789 a        73     0     8     1     3
    -39.8738033224 a        74     0     8     1     4
     -6.4116490926 a        75     0     8     1     5
     49.0595166605 a        76     0     8     1     6
      5.2673814152 a        77     0     8     1     7
    -34.1443732684 a        78     0     8     1     8
    -31.7609205795 a        79     0     8     1     9
    -25.8947283675 a        80     0     8     1    10
     -4.2021735036 a        81     0     9     1     1
     -1.3581693816 a        82     0     9     1     2
      4.2279129232 a        83     0     9     1     3
    -10.9555342605 a        84     0     9     1     4
      5.4403635939 a        85     0     9     1     5
      6.7705331554 a        86     0     9     1     6
     -0.4654483496 a        87     0     9     1     7
    -11.5219039835 a        88     0     9     1     8
     -7.9963268430 a        89     0     9     1     9
     -0.8452945029 a        90     0     9     1    10
     -9.9898224676 a        91     0    10     1     1
     -0.1940770138 a        92     0    10     1     2
     -7.5093177878 a        93     0    10     1     3
    -15.0278999159 a        94     0    10     1     4
      4.8350606957 a        95     0    10     1     5
      5.3751274341 a        96     0    10     1     6
     -1.0985755125 a        97     0    10     1     7
     -9.5874783901 a        98     0    10     1     8
     -2.2103891315 a        99     0    10     1     9
     -3.7901493605 a       100     0    10     1    10
     24.0608455656 a       101     0    11     1     1
     -0.2435440765 a       102     0    11     1     2
     28.9920330542 a       103     0    11     1     3
    -27.1118245020 a       104     0    11     1     4
     18.4838154829 a       105     0    11     1     5
     18.7796790789 a       106     0    11     1     6
     22.0964161866 a       107     0    11     1     7
    -28.5134859977 a       108     0    11     1     8
    -43.1409614072 a       109     0    11     1     9
     -0.9744573491 a       110     0    11     1    10
     -2.1094872318 a       111     0    12     1     1
     -0.9933966200 a       112     0    12     1     2
      9.5045632490 a       113     0    12     1     3
     -8.2958095197 a       114     0    12     1     4
      5.8246069289 a       115     0    12     1     5
      7.4765671972 a       116     0    12     1     6
      5.8525421286 a       117     0    12     1     7
     -7.5138808877 a       118     0    12     1     8
    -12.8992759049 a       119     0    12     1     9
      1.6709890166 a       120     0    12     1    10
      9.8820062516 a       121     0    13     1     1
    -10.3022632136 a       122     0    13     1     2
      2.4045009858 a       123     0    13     1     3
      5.9203587188 a       124     0    13     1     4
      3.3682484297 a       125     0    13     1     5
     -5.5994560183 a       126     0    13     1     6
      5.3545353196 a       127     0    13     1     7
     -1.4994649442 a       128     0    13     1     8
     -1.7652031748 a       129     0    13     1     9
     -8.5107819461 a       130     0    13     1    10
      8.1782367194 a       131     0    14     1     1
     -9.8015775139 a       132     0    14     1     2
     -5.8272313623 a       133     0    14     1     3
      5.6118580094 a       134     0    14     1     4
     25.7626222008 a       135     0    14     1     5
    -11.9933263289 a       136     0    14     1     6
      7.6289722334 a       137     0    14     1     7
     -5.3156265555 a       138     0    14     1     8
    -17.0646093437 a       139     0    14     1     9
     22.5076240324 a       140     0    14     1    10
      4.6157920850 a       141     0    15     1     1
     -3.1626742464 a       142     0    15     1     2
     12.4109537734 a       143     0    15     1     3
      6.4429588857 a       144     0    15     1     4
     -1.5008623527 a       145     0    15     1     5
      5.1637503131 a       146     0    15     1     6
      9.9025386415 a       147     0    15     1     7
      2.6188655380 a       148     0    15     1     8
    -12.4212675735 a       149     0    15     1     9
      3.2690788658 a       150     0    15     1    10
      7.2980837668 a       151     0    16     1     1
     -0.5219957452 a       152     0    16     1     2
      3.4326323825 a       153     0    16     1     3
      2.1920838736 a       154     0    16     1     4
      2.3365579164 a       155     0    16     1     5
    -10.8867748128 a       156     0    16     1     6
      3.2660499964 a       157     0    16     1     7
      9.1231590899 a       158     0    16     1     8
      1.1453706943 a       159     0    16     1     9
     -4.1293541376 a       160     0    16     1    10
     -9.2472469753 a       161     0    17     1     1
     -1.7242285135 a       162     0    17     1     2
     -9.4281917072 a       163     0    17     1     3
     33.4859494909 a       164     0    17     1     4
    -24.3859454077 a       165     0    17     1     5
      4.3634953231 a       166     0    17     1     6
     -9.5102594418 a       167     0    17     1     7
     30.5357708049 a       168     0    17     1     8
     19.4413845913 a       169     0    17     1     9
      6.2783133297 a       170     0    17     1    10
     -3.7150392678 a       171     0    18     1     1
      1.9556622224 a       172     0    18     1     2
     -2.7752257044 a       173     0    18     1     3
      5.4929325542 a       174     0    18     1     4
     -4.0789381624 a       175     0    18     1     5
      0.3765703487 a       176     0    18     1     6
     -1.9561847687 a       177     0    18     1     7
      5.9928894949 a       178     0    18     1     8
      3.2133196371 a       179     0    18     1     9
      9.9951030124 a       180     0    18     1    10
      1.1212616078 a       181     0    19     1     1
     10.2575241786 a       182     0    19     1     2
      6.9718514331 a       183     0    19     1     3
     -0.5258809208 a       184     0    19     1     4
     -3.5857415525 a       185     0    19     1     5
     -8.7625017695 a       186     0    19     1     6
     -1.0423442330 a       187     0    19     1     7
     13.5460154592 a       188     0    19     1     8
      2.2241834805 a       189     0    19     1     9
     -4.2211735905 a       190     0    19     1    10
     -1.3434327835 a       191     0    20     1     1
    -11.2761868556 a       192     0    20     1     2
    -12.6923815451 a       193     0    20     1     3
    -10.6286554739 a       194     0    20     1     4
    -13.3266342574 a       195     0    20     1     5
     13.0352502821 a       196     0    20     1     6
      6.9911349526 a       197     0    20     1     7
    -10.0074608559 a       198     0    20     1     8
     17.5221902606 a       199     0    20     1     9
      3.5229958233 a       200     0    20     1    10
      1.7936391620 a       201     0    21     1     1
     -4.7787347430 a       202     0    21     1     2
     -6.0011432074 a       203     0    21     1     3
     -7.6194351707 a       204     0    21     1     4
     -0.1763333088 a       205     0    21     1     5
      2.6740335045 a       206     0    21     1     6
     -9.9113867483 a       207     0    21     1     7
     -4.2107213350 a       208     0    21     1     8
     18.1104116259 a       209     0    21     1     9
     -1.5913387980 a       210     0    21     1    10
      1.0245046106 a       211     0    22     1     1
     -3.3366748609 a       212     0    22     1     2
     -9.8794238907 a       213     0    22     1     3
     -2.4362471316 a       214     0    22     1     4
     -2.2830850018 a       215     0    22     1     5
      3.6462239937 a       216     0    22     1     6
     -4.5532627297 a       217     0    22     1     7
     -9.8943765098 a       218     0    22     1     8
     -4.4346343299 a       219     0    22     1     9
     -1.8608239021 a       220     0    22     1    10
     -1.5700448965 a       221     0    23     1     1
     -4.1598362569 a       222     0    23     1     2
    -11.2367726528 a       223     0    23     1     3
     -0.2266078769 a       224     0    23     1     4
      1.0278966963 a       225     0    23     1     5
      9.0249669687 a       226     0    23     1     6
      3.8052806338 a       227     0    23     1     7
     -7.8017239844 a       228     0    23     1     8
      5.7012503595 a       229     0    23     1     9
      5.3044806131 a       230     0    23     1    10
     -1.9875282521 a       231     0    24     1     1
      0.5351485374 a       232     0    24     1     2
    -16.3117653080 a       233     0    24     1     3
     -1.1744558985 a       234     0    24     1     4
     -2.9951056461 a       235     0    24     1     5
      6.9454424753 a       236     0    24     1     6
     -2.7431496927 a       237     0    24     1     7
     -9.2824076221 a       238     0    24     1     8
     -1.3566659524 a       239     0    24     1     9
      1.5229567905 a       240     0    24     1    10
     10.5418178104 a       241     0    25     1     1
      0.8245279095 a       242     0    25     1     2
     -3.1593036563 a       243     0    25     1     3
      9.8663922273 a       244     0    25     1     4
     -4.2649006406 a       245     0    25     1     5
     -6.3903366016 a       246     0    25     1     6
      6.1464945948 a       247     0    25     1     7
      2.0310173315 a       248     0    25     1     8
     -3.9343656947 a       249     0    25     1     9
      5.5127158157 a       250     0    25     1    10
      3.3024836408 a       251     0    26     1     1
     -6.8786822944 a       252     0    26     1     2
      2.6151564007 a       253     0    26     1     3
     11.5660801318 a       254     0    26     1     4
     -3.9516914851 a       255     0    26     1     5
     -2.0696944006 a       256     0    26     1     6
    -10.0705227186 a       257     0    26     1     7
     -1.4431493214 a       258     0    26     1     8
     11.3146540467 a       259     0    26     1     9
     -2.3574355108 a       260     0    26     1    10
     -6.6397865559 a       261     0    27     1     1
      0.9875681992 a       262     0    27     1     2
     -4.2266603206 a       263     0    27     1     3
      1.3515216853 a       264     0    27     1     4
      0.1335453472 a       265     0    27     1     5
     -0.1371579411 a       266     0    27     1     6
     -3.2268818000 a       267     0    27     1     7
      0.4462277496 a       268     0    27     1     8
      5.7271678366 a       269     0    27     1     9
     -4.2642613673 a       270     0    27     1    10
     20.6148910569 a       271     0    28     1     1
    -18.3578915219 a       272     0    28     1     2
    -17.3705185643 a       273     0    28     1     3
    -26.5006599028 a       274     0    28     1     4
     31.5911900571 a       275     0    28     1     5
    -35.2509982536 a       276     0    28     1     6
      6.2399441061 a       277     0    28     1     7
     13.7212593722 a       278     0    28     1     8
     -5.5904688650 a       279     0    28     1     9
     44.1065116405 a       280     0    28     1    10
      1.8443232227 a       281     0    29     1     1
     -7.6406120231 a       282     0    29     1     2
      0.7275868345 a       283     0    29     1     3
      5.7834690047 a       284     0    29     1     4
      0.3136659880 a       285     0    29     1     5
     -8.7302294284 a       286     0    29     1     6
     -2.6449140626 a       287     0    29     1     7
      2.8607976407 a       288     0    29     1     8
     10.8795057239 a       289     0    29     1     9
     -2.1105570993 a       290     0    29     1    10
      7.8610893985 a       291     0    30     1     1
      6.6112021573 a       292     0    30     1     2
      0.4084258602 a       293     0    30     1     3
     -1.6189675142 a       294     0    30     1     4
      2.3682127079 a       295     0    30     1     5
     -4.2734070720 a       296     0    30     1     6
      5.7592703612 a       297     0    30     1     7
      0.4856453738 a       298     0    30     1     8
     -9.8043322990 a       299     0    30     1     9
      7.2375392973 a       300     0    30     1    10
      9.7603778848 a       301     0    31     1     1
     -5.9183595112 a       302     0    31     1     2
      3.0827195971 a       303     0    31     1     3
     12.3362613589 a       304     0    31     1     4
     -0.3893082901 a       305     0    31     1     5
     -1.0962457684 a       306     0    31     1     6
      4.7053431888 a       307     0    31     1     7
     -2.5023601218 a       308     0    31     1     8
     -1.7939510179 a       309     0    31     1     9
     -4.4000475422 a       310     0    31     1    10
      8.3326749216 a       311     0    32     1     1
     -8.9976692292 a       312     0    32     1     2
      3.2558805538 a       313     0    32     1     3
      2.0708048321 a       314     0    32     1     4
      1.4293195856 a       315     0    32     1     5
     -5.1356540981 a       316     0    32     1     6
     -1.4676382842 a       317     0    32     1     7
      2.6835710219 a       318     0    32     1     8
      8.9979767310 a       319     0    32     1     9
     -3.2877756893 a       320     0    32     1    10
      1.6306016624 a       321     0    33     1     1
      2.2666281647 a       322     0    33     1     2
     -0.2416398072 a       323     0    33     1     3
      2.0630925713 a       324     0    33     1     4
      0.3475435720 a       325     0    33     1     5
     -3.3338389263 a       326     0    33     1     6
     -2.2327955085 a       327     0    33     1     7
      4.1380743091 a       328     0    33     1     8
      5.0855134948 a       329     0    33     1     9
      3.1633975993 a       330     0    33     1    10
      6.5445886230 a       331     0    34     1     1
    -13.0538469908 a       332     0    34     1     2
    -29.4205570917 a       333     0    34     1     3
    -14.8330365359 a       334     0    34     1     4
     20.8746790732 a       335     0    34     1     5
    -28.7639346211 a       336     0    34     1     6
    -13.3015128111 a       337     0    34     1     7
      2.5566366616 a       338     0    34     1     8
      4.9354387877 a       339     0    34     1     9
     30.8698276874 a       340     0    34     1    10
      2.6107315440 a       341     0    35     1     1
     -1.7087823594 a       342     0    35     1     2
     -4.3927646360 a       343     0    35     1     3
     -4.2825280755 a       344     0    35     1     4
      0.6593830946 a       345     0    35     1     5
     -4.3949432538 a       346     0    35     1     6
     -1.4579090581 a       347     0    35     1     7
      3.6070228519 a       348     0    35     1     8
      1.1762421568 a       349     0    35     1     9
     -1.5811356849 a       350     0    35     1    10
      0.5275202864 a       351     0    36     1     1
      1.0211926182 a       352     0    36     1     2
     -0.6892769636 a       353     0    36     1     3
     -0.2249521598 a       354     0    36     1     4
      2.7512596075 a       355     0    36     1     5
     -1.6989301361 a       356     0    36     1     6
     -3.1548132005 a       357     0    36     1     7
     -2.1486712807 a       358     0    36     1     8
     -1.2580715636 a       359     0    36     1     9
      1.3276439671 a       360     0    36     1    10
     -2.0767993866 a       361     0    37     1     1
      5.9795135564 a       362     0    37     1     2
     -8.6548166666 a       363     0    37     1     3
     -7.9443266396 a       364     0    37     1     4
     -9.7413536613 a       365     0    37     1     5
      2.6669086818 a       366     0    37     1     6
    -16.6621660469 a       367     0    37     1     7
     -6.6008285959 a       368     0    37     1     8
     13.7373152018 a       369     0    37     1     9
     -6.8522928855 a       370     0    37     1    10
     -7.3814325538 a       371     0    38     1     1
      6.7023085585 a       372     0    38     1     2
     -4.7105199315 a       373     0    38     1     3
      7.4558288221 a       374     0    38     1     4
     -8.3858215197 a       375     0    38     1     5
      2.3267423996 a       376     0    38     1     6
    -13.4253049085 a       377     0    38     1     7
     -6.0671693407 a       378     0    38     1     8
      5.0449550668 a       379     0    38     1     9
      3.2235861950 a       380     0    38     1    10
      1.3585556730 a       381     0    39     1     1
     -4.9639472644 a       382     0    39     1     2
     -4.5204691713 a       383     0    39     1     3
      2.1088872744 a       384     0    39     1     4
      2.7783718006 a       385     0    39     1     5
     -2.8669423511 a       386     0    39     1     6
      2.6716815157 a       387     0    39     1     7
      6.0514023076 a       388     0    39     1     8
      2.0029776492 a       389     0    39     1     9
      1.1817330795 a       390     0    39     1    10
      8.4369346249 a       391     0    40     1     1
     -5.9191032508 a       392     0    40     1     2
      8.8467483244 a       393     0    40     1     3
     -7.5444439087 a       394     0    40     1     4
    -20.1908061467 a       395     0    40     1     5
     -7.8390505845 a       396     0    40     1     6
    -10.7901926727 a       397     0    40     1     7
     33.8012842943 a       398     0    40     1     8
     20.3295706157 a       399     0    40     1     9
      6.4393838514 a       400     0    40     1    10
      3.0281993765 a       401     0    41     1     1
     -5.6807281931 a       402     0    41     1     2
      4.1143036814 a       403     0    41     1     3
     -3.5862821266 a       404     0    41     1     4
     -4.2281544618 a       405     0    41     1     5
     -6.6982598226 a       406     0    41     1     6
     -6.3778170213 a       407     0    41     1     7
      5.7798666850 a       408     0    41     1     8
      9.5896967951 a       409     0    41     1     9
      4.4284209756 a       410     0    41     1    10
      8.8421915573 a       411     0    42     1     1
      8.3391497171 a       412     0    42     1     2
      0.7112201349 a       413     0    42     1     3
      0.7873622901 a       414     0    42     1     4
     -6.9898284913 a       415     0    42     1     5
      0.9318336231 a       416     0    42     1     6
     -1.4782646037 a       417     0    42     1     7
      3.5916523186 a       418     0    42     1     8
     -4.1948089444 a       419     0    42     1     9
      3.3392650365 a       420     0    42     1    10
      6.5747378159 a       421     0    43     1     1
     -5.9105258889 a       422     0    43     1     2
      2.1258726213 a       423     0    43     1     3
      8.3810435302 a       424     0    43     1     4
     -0.7575605008 a       425     0    43     1     5
      3.8437390469 a       426     0    43     1     6
     -1.7717947754 a       427     0    43     1     7
     -4.6370842497 a       428     0    43     1     8
      4.4713304754 a       429     0    43     1     9
     -9.5694570099 a       430     0    43     1    10
      5.7126020451 a       431     0    44     1     1
     -7.9747137701 a       432     0    44     1     2
      1.0149845549 a       433     0    44     1     3
     -1.5914013685 a       434     0    44     1     4
      0.6606821935 a       435     0    44     1     5
     -5.0757310525 a       436     0    44     1     6
     -0.5517050795 a       437     0    44     1     7
      1.8649723276 a       438     0    44     1     8
      6.6923542429 a       439     0    44     1     9
     -0.8131337280 a       440     0    44     1    10
      3.4752096842 a       441     0    45     1     1
      2.5258242778 a       442     0    45     1     2
      1.0094305585 a       443     0    45     1     3
      0.4701618464 a       444     0    45     1     4
      0.0558342282 a       445     0    45     1     5
     -6.4367760793 a       446     0    45     1     6
     -0.3164345035 a       447     0    45     1     7
      6.1940545222 a       448     0    45     1     8
      4.3951595260 a       449     0    45     1     9
      5.4794750712 a       450     0    45     1    10
      1.9127398018 a       451     0    46     1     1
     -9.7698632507 a       452     0    46     1     2
    -26.2644661049 a       453     0    46     1     3
     -9.7831628339 a       454     0    46     1     4
      6.9620081205 a       455     0    46     1     5
    -21.8682417314 a       456     0    46     1     6
    -21.9506152569 a       457     0    46     1     7
      5.0377943103 a       458     0    46     1     8
     12.9683665763 a       459     0    46     1     9
     18.7699476011 a       460     0    46     1    10
      1.7473690436 a       461     0    47     1     1
     -0.0597778403 a       462     0    47     1     2
     -3.9179499097 a       463     0    47     1     3
     -8.5588250886 a       464     0    47     1     4
     -0.6915682011 a       465     0    47     1     5
     -1.1521564516 a       466     0    47     1     6
      0.0722143677 a       467     0    47     1     7
      3.1745735455 a       468     0    47     1     8
     -0.5243897371 a       469     0    47     1     9
     -0.4766852960 a       470     0    47     1    10
     -2.7089151482 a       471     0    48     1     1
      0.3060779324 a       472     0    48     1     2
      0.5494943337 a       473     0    48     1     3
      2.7657368493 a       474     0    48     1     4
      0.4177034867 a       475     0    48     1     5
      2.4322521104 a       476     0    48     1     6
     -8.0503005421 a       477     0    48     1     7
     -2.4187255892 a       478     0    48     1     8
      5.0914401192 a       479     0    48     1     9
     -2.1398583321 a       480     0    48     1    10
      4.1358258952 a       481     0    49     1     1
      4.3268618991 a       482     0    49     1     2
     -3.5231924048 a       483     0    49     1     3
      1.1096274245 a       484     0    49     1     4
     -1.3508700728 a       485     0    49     1     5
     -7.0119068772 a       486     0    49     1     6
      6.2905349278 a       487     0    49     1     7
      4.6528076959 a       488     0    49     1     8
     -6.0557253110 a       489     0    49     1     9
      9.3373432285 a       490     0    49     1    10
      0.0707887270 a       491     0    50     1     1
      3.8769731820 a       492     0    50     1     2
      2.2586359305 a       493     0    50     1     3
     -2.3222286075 a       494     0    50     1     4
      2.8071020149 a       495     0    50     1     5
     -2.6289891789 a       496     0    50     1     6
     -3.5766447792 a       497     0    50     1     7
      0.8365855085 a       498     0    50     1     8
     -0.1366912098 a       499     0    50     1     9
      4.3657258089 a       500     0    50     1    10
     -1.5344741926 a       501     0    51     1     1
     -0.9658787984 a       502     0    51     1     2
      3.7744488545 a       503     0    51     1     3
      1.4456362706 a       504     0    51     1     4
     -2.4583015480 a       505     0    51     1     5
      2.8142550337 a       506     0    51     1     6
      0.3152887745 a       507     0    51     1     7
     -1.3630285254 a       508     0    51     1     8
      1.5701674737 a       509     0    51     1     9
     -9.6750130423 a       510     0    51     1    10
     17.8378020270 a       511     0    52     1     1
     -8.0640595104 a       512     0    52     1     2
     -0.6633620126 a       513     0    52     1     3
     11.2180184828 a       514     0    52     1     4
     10.3386566260 a       515     0    52     1     5
    -21.9306331883 a       516     0    52     1     6
     14.8377183736 a       517     0    52     1     7
     14.9385446369 a       518     0    52     1     8
     -9.2633768646 a       519     0    52     1     9
     16.9773650703 a       520     0    52     1    10
     -7.0753360171 a       521     0    53     1     1
      4.0438922160 a       522     0    53     1     2
     -3.1616594651 a       523     0    53     1     3
      4.3110656808 a       524     0    53     1     4
      1.6502939693 a       525     0    53     1     5
     -6.6911394106 a       526     0    53     1     6
      0.9933247434 a       527     0    53     1     7
      2.0717748990 a       528     0    53     1     8
      1.7337072424 a       529     0    53     1     9
      0.4734591471 a       530     0    53     1    10
      2.2976662552 a       531     0    54     1     1
      5.3243384850 a       532     0    54     1     2
     -3.9850134739 a       533     0    54     1     3
     -4.4309392625 a       534     0    54     1     4
      1.7025275741 a       535     0    54     1     5
     -4.8200887842 a       536     0    54     1     6
     -3.1606881700 a       537     0    54     1     7
     -2.1339907943 a       538     0    54     1     8
      1.2326138182 a       539     0    54     1     9
      4.7948204224 a       540     0    54     1    10
     -3.6690331003 a       541     0    55     1     1
      3.6021035512 a       542     0    55     1     2
     -5.4205486525 a       543     0    55     1     3
     -1.7078999965 a       544     0    55     1     4
      2.4096176220 a       545     0    55     1     5
     -2.4429383366 a       546     0    55     1     6
      0.5577078062 a       547     0    55     1     7
     -0.1014896445 a       548     0    55     1     8
     -0.6822751576 a       549     0    55     1     9
      1.9867934719 a       550     0    55     1    10
     -6.3473579527 a       551     0    56     1     1
      2.5584480603 a       552     0    56     1     2
     -5.2556819490 a       553     0    56     1     3
     -8.6720636483 a       554     0    56     1     4
      2.0427426515 a       555     0    56     1     5
     -3.4052769087 a       556     0    56     1     6
     -4.2960806761 a       557     0    56     1     7
      0.9719178907 a       558     0    56     1     8
      8.1980461623 a       559     0    56     1     9
      2.6513898166 a       560     0    56     1    10
      0.6699446394 a       561     0    57     1     1
      2.4105836999 a       562     0    57     1     2
      1.7268921456 a       563     0    57     1     3
     -0.0903968497 a       564     0    57     1     4
      0.7654221239 a       565     0    57     1     5
     -3.7445724895 a       566     0    57     1     6
      0.7498077761 a       567     0    57     1     7
      0.8429669093 a       568     0    57     1     8
      2.8682757257 a       569     0    57     1     9
      1.2506184804 a       570     0    57     1    10
     12.5709410942 a       571     0    58     1     1
     -9.1215014832 a       572     0    58     1     2
     -7.4622276098 a       573     0    58     1     3
     13.7031928665 a       574     0    58     1     4
     -0.9316398329 a       575     0    58     1     5
    -14.1449447787 a       576     0    58     1     6
     -4.3405126618 a       577     0    58     1     7
      4.0109613763 a       578     0    58     1     8
      2.1109338233 a       579     0    58     1     9
      3.8361322079 a       580     0    58     1    10
      0.8697390364 a       581     0    59     1     1
      0.0458642610 a       582     0    59     1     2
     -1.9113759483 a       583     0    59     1     3
      2.1110374180 a       584     0    59     1     4
     -0.5114515647 a       585     0    59     1     5
     -2.9882346411 a       586     0    59     1     6
      1.0140924749 a       587     0    59     1     7
      2.6900868512 a       588     0    59     1     8
     -0.4057017218 a       589     0    59     1     9
     -2.9133508826 a       590     0    59     1    10
      1.3305136849 a       591     0    60     1     1
      1.2605713727 a       592     0    60     1     2
      2.4106361781 a       593     0    60     1     3
     -1.0671433371 a       594     0    60     1     4
      4.3338592936 a       595     0    60     1     5
     -1.2538640681 a       596     0    60     1     6
     -1.2653216115 a       597     0    60     1     7
     -0.8613527724 a       598     0    60     1     8
     -0.0433983945 a       599     0    60     1     9
      2.2439347527 a       600     0    60     1    10
     10.4698801944 a       601     0    61     1     1
     -0.8976087806 a       602     0    61     1     2
      1.8452005163 a       603     0    61     1     3
      1.5133957471 a       604     0    61     1     4
    -11.4326640645 a       605     0    61     1     5
      0.6780599073 a       606     0    61     1     6
     -6.9091949789 a       607     0    61     1     7
     -3.5193624502 a       608     0    61     1     8
      8.8506194037 a       609     0    61     1     9
     -8.9758434927 a       610     0    61     1    10
     10.9382103737 a       611     0    62     1     1
      4.4087931747 a       612     0    62     1     2
     14.2878191475 a       613     0    62     1     3
     -2.1262856134 a       614     0    62     1     4
     -1.9660819196 a       615     0    62     1     5
      1.1209505760 a       616     0    62     1     6
      4.3481941614 a       617     0    62     1     7
     -1.2575751144 a       618     0    62     1     8
    -11.8276154532 a       619     0    62     1     9
      6.9561310946 a       620     0    62     1    10
      1.2389454680 a       621     0    63     1     1
     -2.9383101478 a       622     0    63     1     2
     -0.9314635029 a       623     0    63     1     3
     -5.4240855302 a       624     0    63     1     4
     -0.7027399486 a       625     0    63     1     5
      1.4828033528 a       626     0    63     1     6
      1.8010939068 a       627     0    63     1     7
      3.7456791515 a       628     0    63     1     8
      1.0862180853 a       629     0    63     1     9
     -1.9036890715 a       630     0    63     1    10
     -9.2663634235 a       631     0    64     1     1
     13.8070548197 a       632     0    64     1     2
      8.2322797888 a       633     0    64     1     3
     20.5105597079 a       634     0    64     1     4
    -36.9334186246 a       635     0    64     1     5
      2.5690870095 a       636     0    64     1     6
     -7.8784865670 a       637     0    64     1     7
     31.6761912776 a       638     0    64     1     8
     20.4990904126 a       639     0    64     1     9
    -13.2512744737 a       640     0    64     1    10
     -0.0331829641 a       641     0    65     1     1
      5.8046616009 a       642     0    65     1     2
      6.1887006158 a       643     0    65     1     3
     -2.7203651306 a       644     0    65     1     4
     -3.7253106000 a       645     0    65     1     5
     -2.2352453401 a       646     0    65     1     6
      0.4960409183 a       647     0    65     1     7
      5.2855220448 a       648     0    65     1     8
     -5.1404127847 a       649     0    65     1     9
      3.1131519435 a       650     0    65     1    10
      4.8404360280 a       651     0    66     1     1
      6.2844782599 a       652     0    66     1     2
     -4.8499748199 a       653     0    66     1     3
      7.1727021990 a       654     0    66     1     4
     -7.3370639525 a       655     0    66     1     5
     -2.9290322901 a       656     0    66     1     6
    -11.7622451856 a       657     0    66     1     7
      2.6197763695 a       658     0    66     1     8
     10.7717661587 a       659     0    66     1     9
     -1.4524734021 a       660     0    66     1    10
     -3.9878543737 a       661     0    67     1     1
      1.9636577273 a       662     0    67     1     2
     -4.1755478529 a       663     0    67     1     3
     -4.2728598209 a       664     0    67     1     4
      1.2468206989 a       665     0    67     1     5
      1.9619601802 a       666     0    67     1     6
     -5.4171439419 a       667     0    67     1     7
     -2.5658615446 a       668     0    67     1     8
      6.4653605135 a       669     0    67     1     9
     -4.8725881915 a       670     0    67     1    10
     -5.4804444689 a       671     0    68     1     1
      2.8074519775 a       672     0    68     1     2
     -4.2149570103 a       673     0    68     1     3
     -9.1433777283 a       674     0    68     1     4
      1.7958605506 a       675     0    68     1     5
     -2.0031923127 a       676     0    68     1     6
     -4.3071970346 a       677     0    68     1     7
      2.5751233882 a       678     0    68     1     8
      6.9387770252 a       679     0    68     1     9
      1.1132329699 a       680     0    68     1    10
      2.9046375527 a       681     0    69     1     1
      2.0432056347 a       682     0    69     1     2
      1.6401444575 a       683     0    69     1     3
     -1.4224690670 a       684     0    69     1     4
      2.2417244154 a       685     0    69     1     5
     -3.5548881245 a       686     0    69     1     6
      0.8806896731 a       687     0    69     1     7
      3.0550399696 a       688     0    69     1     8
      1.9369594198 a       689     0    69     1     9
      4.4323245879 a       690     0    69     1    10
      5.5454234233 a       691     0    70     1     1
     -4.9392678223 a       692     0    70     1     2
     -6.6608625713 a       693     0    70     1     3
     18.4606271095 a       694     0    70     1     4
    -12.5147118904 a       695     0    70     1     5
     -8.7052743369 a       696     0    70     1     6
    -14.8903524842 a       697     0    70     1     7
      4.9111652394 a       698     0    70     1     8
      9.6021568575 a       699     0    70     1     9
     -5.3100001172 a       700     0    70     1    10
      4.5314045379 a       701     0    71     1     1
     -1.3046257872 a       702     0    71     1     2
     -1.7798804804 a       703     0    71     1     3
     -1.0694397872 a       704     0    71     1     4
     -2.6662533229 a       705     0    71     1     5
     -0.5405400094 a       706     0    71     1     6
      1.8249833192 a       707     0    71     1     7
      3.2889261511 a       708     0    71     1     8
     -0.6046813784 a       709     0    71     1     9
     -3.5262400145 a       710     0    71     1    10
      1.8500481551 a       711     0    72     1     1
     -0.7891687240 a       712     0    72     1     2
      3.3573622188 a       713     0    72     1     3
      4.8134097996 a       714     0    72     1     4
      0.4538456808 a       715     0    72     1     5
      0.5703456450 a       716     0    72     1     6
     -4.4461968503 a       717     0    72     1     7
     -1.7475116792 a       718     0    72     1     8
      2.6149356082 a       719     0    72     1     9
     -1.5300704294 a       720     0    72     1    10
    -11.7856265343 a       721     0    73     1     1
      8.9464086122 a       722     0    73     1     2
     -9.4770016182 a       723     0    73     1     3
    -14.9269401010 a       724     0    73     1     4
      5.1235070584 a       725     0    73     1     5
     -2.8683683046 a       726     0    73     1     6
     -0.6583213713 a       727     0    73     1     7
      3.1406059270 a       728     0    73     1     8
     -0.5258936560 a       729     0    73     1     9
      6.2740299481 a       730     0    73     1    10
     -4.8682567640 a       731     0    74     1     1
      5.5831280720 a       732     0    74     1     2
     -2.1786329732 a       733     0    74     1     3
     -5.2772915304 a       734     0    74     1     4
      2.2671463102 a       735     0    74     1     5
     -1.7981424828 a       736     0    74     1     6
      0.4347403554 a       737     0    74     1     7
      2.9090855859 a       738     0    74     1     8
      1.1237341069 a       739     0    74     1     9
      1.8959366722 a       740     0    74     1    10
      3.0602155017 a       741     0    75     1     1
      0.1254688743 a       742     0    75     1     2
      5.2959021670 a       743     0    75     1     3
     -0.3126231611 a       744     0    75     1     4
      1.9265603853 a       745     0    75     1     5
     -1.2441775395 a       746     0    75     1     6
      1.7626776665 a       747     0    75     1     7
     -1.1386537778 a       748     0    75     1     8
     -1.2975931155 a       749     0    75     1     9
     -1.3854285498 a       750     0    75     1    10
      0.9182893545 a       751     0    76     1     1
      4.3024456406 a       752     0    76     1     2
      3.8885192314 a       753     0    76     1     3
     29.1810175196 a       754     0    76     1     4
    -10.7841748302 a       755     0    76     1     5
     -3.4592640885 a       756     0    76     1     6
      4.7523089708 a       757     0    76     1     7
      3.3446000435 a       758     0    76     1     8
     -3.3741868379 a       759     0    76     1     9
    -10.8259220367 a       760     0    76     1    10
     -1.7827954128 a       761     0    77     1     1
      3.3109744378 a       762     0    77     1     2
     -2.1529489924 a       763     0    77     1     3
      4.5592593893 a       764     0    77     1     4
      0.1288102549 a       765     0    77     1     5
     -1.8544855544 a       766     0    77     1     6
      1.9801224315 a       767     0    77     1     7
      1.1011100065 a       768     0    77     1     8
     -1.9079608576 a       769     0    77     1     9
     -3.9185641109 a       770     0    77     1    10
      0.6290646303 a       771     0    78     1     1
      0.2607623683 a       772     0    78     1     2
      3.2896671668 a       773     0    78     1     3
     -2.5629428777 a       774     0    78     1     4
      4.0540529353 a       775     0    78     1     5
     -1.2505924728 a       776     0    78     1     6
     -1.5854344236 a       777     0    78     1     7
     -1.7598844557 a       778     0    78     1     8
     -0.4851538064 a       779     0    78     1     9
      1.2865926306 a       780     0    78     1    10
     -8.2652160196 a       781     0    79     1     1
      2.0062497729 a       782     0    79     1     2
     -5.5261441265 a       783     0    79     1     3
     -6.8680155274 a       784     0    79     1     4
      2.8319783938 a       785     0    79     1     5
     -0.8009940772 a       786     0    79     1     6
     -3.2682418054 a       787     0    79     1     7
     -0.7114060406 a       788     0    79     1     8
      4.8017444526 a       789     0    79     1     9
     -1.3022083266 a       790     0    79     1    10
      2.7992774886 a       791     0    80     1     1
      0.1900943448 a       792     0    80     1     2
      3.2113119905 a       793     0    80     1     3
      0.4278029200 a       794     0    80     1     4
     -1.3643320189 a       795     0    80     1     5
      0.0172118043 a       796     0    80     1     6
      2.2251997557 a       797     0    80     1     7
      3.7805338316 a       798     0    80     1     8
      0.2328021938 a       799     0    80     1     9
     -1.2653529282 a       800     0    80     1    10
      1.4326218013 a       801     0    81     1     1
      1.9027869114 a       802     0    81     1     2
      1.3443180483 a       803     0    81     1     3
     -3.4018372949 a       804     0    81     1     4
      4.7794103726 a       805     0    81     1     5
     -2.5545600378 a       806     0    81     1     6
      2.4498171563 a       807     0    81     1     7
      0.0082178366 a       808     0    81     1     8
     -1.4576627707 a       809     0    81     1     9
      1.3422594537 a       810     0    81     1    10
     -1.5265873032 a       811     0    82     1     1
      4.6969392175 a       812     0    82     1     2
      8.3574253770 a       813     0    82     1     3
     33.1605222514 a       814     0    82     1     4
    -22.2012768156 a       815     0    82     1     5
      0.9003569481 a       816     0    82     1     6
     -3.0698703339 a       817     0    82     1     7
      6.7814334781 a       818     0    82     1     8
      6.0504632015 a       819     0    82     1     9
    -20.1153577885 a       820     0    82     1    10
      2.8253163237 a       821     0    83     1     1
      0.8999125471 a       822     0    83     1     2
      0.9290322574 a       823     0    83     1     3
      1.1655519301 a       824     0    83     1     4
     -1.5912881097 a       825     0    83     1     5
     -0.0943086922 a       826     0    83     1     6
      2.9642617678 a       827     0    83     1     7
      2.3506703182 a       828     0    83     1     8
     -1.4070264016 a       829     0    83     1     9
     -3.0800487150 a       830     0    83     1    10
     -0.7874135369 a       831     0    84     1     1
      0.5529985984 a       832     0    84     1     2
      3.4712465064 a       833     0    84     1     3
      2.5580279436 a       834     0    84     1     4
      1.5131006000 a       835     0    84     1     5
      0.7059855032 a       836     0    84     1     6
     -1.3451321397 a       837     0    84     1     7
     -0.1819885248 a       838     0    84     1     8
     -0.4005614345 a       839     0    84     1     9
      1.1552149313 a       840     0    84     1    10
     -6.6533719763 a       841     0    85     1     1
      6.4430146168 a       842     0    85     1     2
     -2.2413470087 a       843     0    85     1     3
    -15.9495401200 a       844     0    85     1     4
      2.5017304992 a       845     0    85     1     5
     -1.7117293065 a       846     0    85     1     6
      0.2112986307 a       847     0    85     1     7
      6.4674044867 a       848     0    85     1     8
     -2.3047179040 a       849     0    85     1     9
      5.5458065042 a       850     0    85     1    10
      6.8888018316 a       851     0    86     1     1
      2.4705033535 a       852     0    86     1     2
      6.8786767562 a       853     0    86     1     3
      6.7709094525 a       854     0    86     1     4
      2.4284429878 a       855     0    86     1     5
     -2.3968022188 a       856     0    86     1     6
     10.8025695297 a       857     0    86     1     7
      4.1412136693 a       858     0    86     1     8
     -8.9382969277 a       859     0    86     1     9
      0.4640733126 a       860     0    86     1    10
      1.8444323620 a       861     0    87     1     1
      0.1241729586 a       862     0    87     1     2
      3.3625832778 a       863     0    87     1     3
      0.9106965399 a       864     0    87     1     4
      3.4261844993 a       865     0    87     1     5
     -1.1588442634 a       866     0    87     1     6
      2.9157058170 a       867     0    87     1     7
     -2.4648778886 a       868     0    87     1     8
     -2.7991699678 a       869     0    87     1     9
     -2.4028928034 a       870     0    87     1    10
    -31.5571713689 a       871     0    88     1     1
     27.2378286713 a       872     0    88     1     2
    -10.5870708348 a       873     0    88     1     3
      1.0935615634 a       874     0    88     1     4
      2.2671579058 a       875     0    88     1     5
     -1.5363001022 a       876     0    88     1     6
      2.0638557474 a       877     0    88     1     7
     -0.0670000450 a       878     0    88     1     8
     -4.2023125967 a       879     0    88     1     9
      0.1644448168 a       880     0    88     1    10
     -7.6767145168 a       881     0    89     1     1
      5.5253643245 a       882     0    89     1     2
     -3.3031475906 a       883     0    89     1     3
      3.0746726868 a       884     0    89     1     4
      1.7275953713 a       885     0    89     1     5
     -0.9016720667 a       886     0    89     1     6
      3.4282732526 a       887     0    89     1     7
     -1.5143864936 a       888     0    89     1     8
     -3.8826260475 a       889     0    89     1     9
     -1.5997671427 a       890     0    89     1    10
      0.4675977645 a       891     0    90     1     1
     -1.1481480072 a       892     0    90     1     2
      3.7802196727 a       893     0    90     1     3
     -0.8447409873 a       894     0    90     1     4
      3.2109257730 a       895     0    90     1     5
      0.9912865711 a       896     0    90     1     6
     -0.8056970308 a       897     0    90     1     7
     -3.5663947918 a       898     0    90     1     8
      1.9809750801 a       899     0    90     1     9
      0.2263213670 a       900     0    90     1    10
      6.0509366021 a       901     0    91     1     1
     -5.4159670044 a       902     0    91     1     2
      5.0026838001 a       903     0    91     1     3
      0.9327136118 a       904     0    91     1     4
      0.9173165162 a       905     0    91     1     5
     -1.8400970529 a       906     0    91     1     6
      2.6059938886 a       907     0    91     1     7
      1.7078115729 a       908     0    91     1     8
      2.5665722760 a       909     0    91     1     9
     -6.0817506506 a       910     0    91     1    10
     17.9859576710 a       911     0    92     1     1
     -8.0764772898 a       912     0    92     1     2
     15.6475391204 a       913     0    92     1     3
     16.5736644168 a       914     0    92     1     4
     -2.3890958841 a       915     0    92     1     5
     -0.0611359228 a       916     0    92     1     6
     13.9367190441 a       917     0    92     1     7
      5.2742265324 a       918     0    92     1     8
     -8.2966593422 a       919     0    92     1     9
     -7.0518117871 a       920     0    92     1    10
      2.2518890509 a       921     0    93     1     1
      0.4447354426 a       922     0    93     1     2
      1.2815647686 a       923     0    93     1     3
      1.6786357469 a       924     0    93     1     4
      4.2629318869 a       925     0    93     1     5
     -1.5719406143 a       926     0    93     1     6
      3.4789289927 a       927     0    93     1     7
      0.1573952331 a       928     0    93     1     8
     -3.8325851592 a       929     0    93     1     9
      0.2530303261 a       930     0    93     1    10
    -18.9661724180 a       931     0    94     1     1
     18.4377705302 a       932     0    94     1     2
     -0.2485507815 a       933     0    94     1     3
     14.7729607003 a       934     0    94     1     4
     -8.2227654746 a       935     0    94     1     5
     -1.4330978177 a       936     0    94     1     6
      3.0295989479 a       937     0    94     1     7
      4.8971753927 a       938     0    94     1     8
     -0.3072517474 a       939     0    94     1     9
     -8.4961594514 a       940     0    94     1    10
     -3.3354769145 a       941     0    95     1     1
      3.6517934664 a       942     0    95     1     2
     -1.2332790733 a       943     0    95     1     3
     -2.3175119543 a       944     0    95     1     4
      0.0204512479 a       945     0    95     1     5
      0.2088860313 a       946     0    95     1     6
      0.5502208625 a       947     0    95     1     7
      0.9669751041 a       948     0    95     1     8
     -0.4168017795 a       949     0    95     1     9
     -0.6454660483 a       950     0    95     1    10
     -3.5207310627 a       951     0    96     1     1
      2.0338042267 a       952     0    96     1     2
      0.0288720474 a       953     0    96     1     3
      0.2605014754 a       954     0    96     1     4
      1.9256991091 a       955     0    96     1     5
      2.5787182534 a       956     0    96     1     6
     -0.0567476574 a       957     0    96     1     7
      0.1907611941 a       958     0    96     1     8
     -0.8033633423 a       959     0    96     1     9
      2.9636307325 a       960     0    96     1    10
      0.0258162692 a       961     0    97     1     1
     -4.1931256178 a       962     0    97     1     2
     -1.5160915298 a       963     0    97     1     3
      4.7290032206 a       964     0    97     1     4
      2.8112443698 a       965     0    97     1     5
      0.8048799062 a       966     0    97     1     6
      1.2357920177 a       967     0    97     1     7
     -0.9899787571 a       968     0    97     1     8
      4.7011247741 a       969     0    97     1     9
     -6.6709791631 a       970     0    97     1    10
    -13.0990240306 a       971     0    98     1     1
      6.8403261897 a       972     0    98     1     2
    -13.7913531738 a       973     0    98     1     3
      3.0077730977 a       974     0    98     1     4
      0.1389780971 a       975     0    98     1     5
     -4.8839426348 a       976     0    98     1     6
     -6.7888324125 a       977     0    98     1     7
      0.9724246825 a       978     0    98     1     8
     10.0524243002 a       979     0    98     1     9
      1.3950399584 a       980     0    98     1    10
     -3.1005839001 a       981     0    99     1     1
      5.3487318785 a       982     0    99     1     2
     -2.2583601039 a       983     0    99     1     3
     -0.5200270095 a       984     0    99     1     4
     -0.4533691361 a       985     0    99     1     5
      2.3599581066 a       986     0    99     1     6
     -5.6416810089 a       987     0    99     1     7
      2.1432492325 a       988     0    99     1     8
     -0.7323065107 a       989     0    99     1     9
     -1.0163980540 a       990     0    99     1    10
    -18.5729610999 a       991     0   100     1     1
     24.5281066759 a       992     0   100     1     2
     12.4768706813 a       993     0   100     1     3
     38.3138331381 a       994     0   100     1     4
    -45.1245381064 a       995     0   100     1     5
     15.3406220484 a       996     0   100     1     6
     -4.5266130873 a       997     0   100     1     7
     19.4683163340 a       998     0   100     1     8
     11.6756729852 a       999     0   100     1     9
    -29.2807617716 a      1000     0   100     1    10
      3.5234460434 a      1001     0   101     1     1
     -1.9164268938 a      1002     0   101     1     2
      0.0748351318 a      1003     0   101     1     3
      4.5363773333 a      1004     0   101     1     4
     -2.2633451877 a      1005     0   101     1     5
     -2.2702259409 a      1006     0   101     1     6
      2.3812845596 a      1007     0   101     1     7
      4.2971279076 a      1008     0   101     1     8
     -1.5253642162 a      1009     0   101     1     9
     -0.5657215394 a      1010     0   101     1    10
      9.5875020499 a      1011     0   102     1     1
     -3.0362871346 a      1012     0   102     1     2
      9.3544396233 a      1013     0   102     1     3
     10.7317854798 a      1014     0   102     1     4
      0.6313157433 a      1015     0   102     1     5
     -0.5002624486 a      1016     0   102     1     6
     10.1211863845 a      1017     0   102     1     7
      9.1122882476 a      1018     0   102     1     8
     -6.3510930574 a      1019     0   102     1     9
      5.6413225781 a      1020     0   102     1    10
      6.0410291991 a      1021     0   103     1     1
     -1.5673262416 a      1022     0   103     1     2
      8.2413128556 a      1023     0   103     1     3
     -1.7879527597 a      1024     0   103     1     4
      1.2448716609 a      1025     0   103     1     5
      3.5019365710 a      1026     0   103     1     6
      9.2972833370 a      1027     0   103     1     7
      4.6430981796 a      1028     0   103     1     8
     -0.5666157662 a      1029     0   103     1     9
     -2.2387714705 a      1030     0   103     1    10
      2.3448078729 a      1031     0   104     1     1
      5.4358527436 a      1032     0   104     1     2
      0.0654384030 a      1033     0   104     1     3
      2.8663825025 a      1034     0   104     1     4
     -6.2655580044 a      1035     0   104     1     5
      2.5342425784 a      1036     0   104     1     6
      0.3212279904 a      1037     0   104     1     7
     -3.0727605365 a      1038     0   104     1     8
     -2.6196982687 a      1039     0   104     1     9
     -0.6738991271 a      1040     0   104     1    10
      1.6838142007 a      1041     0   105     1     1
      3.1451479726 a      1042     0   105     1     2
     -6.3534811292 a      1043     0   105     1     3
      5.2515087290 a      1044     0   105     1     4
     -9.5453238130 a      1045     0   105     1     5
      7.8250245637 a      1046     0   105     1     6
    -13.9705307805 a      1047     0   105     1     7
     -7.8823795903 a      1048     0   105     1     8
      2.2611129452 a      1049     0   105     1     9
     -2.4892466846 a      1050     0   105     1    10
      7.3167307952 a      1051     0   106     1     1
    -25.6136793631 a      1052     0   106     1     2
     25.9821811011 a      1053     0   106     1     3
    -35.7711434322 a      1054     0   106     1     4
    -15.7396937806 a      1055     0   106     1     5
     18.2324093123 a      1056     0   106     1     6
     -6.5713523110 a      1057     0   106     1     7
    -18.2644631538 a      1058     0   106     1     8
      8.2876154724 a      1059     0   106     1     9
    -32.5669848098 a      1060     0   106     1    10
      3.0276878528 a      1061     0   107     1     1
      0.1426728539 a      1062     0   107     1     2
     -9.5586865253 a      1063     0   107     1     3
      4.9513113853 a      1064     0   107     1     4
     -2.4965933470 a      1065     0   107     1     5
     -8.6057260444 a      1066     0   107     1     6
     -1.1226103918 a      1067     0   107     1     7
     -4.5171831365 a      1068     0   107     1     8
     -0.9566383958 a      1069     0   107     1     9
      4.4601246493 a      1070     0   107     1    10
      0.6741803524 a      1071     0   108     1     1
      0.3225748105 a      1072     0   108     1     2
     -8.4162735268 a      1073     0   108     1     3
      4.1290523376 a      1074     0   108     1     4
     -3.9959527290 a      1075     0   108     1     5
      4.4375008200 a      1076     0   108     1     6
     -3.3213217231 a      1077     0   108     1     7
     -2.1248236335 a      1078     0   108     1     8
      1.2518358506 a      1079     0   108     1     9
      2.7668432742 a      1080     0   108     1    10
      7.9657776904 a      1081     0   109     1     1
     -1.0991510351 a      1082     0   109     1     2
     11.2288101199 a      1083     0   109     1     3
    -10.1596895300 a      1084     0   109     1     4
     -1.5687458811 a      1085     0   109     1     5
      0.5191646358 a      1086     0   109     1     6
      6.8073720406 a      1087     0   109     1     7
      7.8725259337 a      1088     0   109     1     8
     -4.5738950338 a      1089     0   109     1     9
     -0.4930531033 a      1090     0   109     1    10
    -12.4913168891 a      1091     0   110     1     1
     13.6313360333 a      1092     0   110     1     2
     -8.7594113716 a      1093     0   110     1     3
     -7.0422597977 a      1094     0   110     1     4
      9.4924729669 a      1095     0   110     1     5
      0.3860224253 a      1096     0   110     1     6
      6.0709127566 a      1097     0   110     1     7
      3.1073554223 a      1098     0   110     1     8
    -10.6895944183 a      1099     0   110     1     9
     10.3551337465 a      1100     0   110     1    10
     -7.1460699867 a      1101     0   111     1     1
      4.9099716659 a      1102     0   111     1     2
     -6.0944427443 a      1103     0   111     1     3
     -3.5760271241 a      1104     0   111     1     4
      5.2671579222 a      1105     0   111     1     5
     -2.1390476570 a      1106     0   111     1     6
     -1.0454755604 a      1107     0   111     1     7
      0.6161654445 a      1108     0   111     1     8
     -0.8287171837 a      1109     0   111     1     9
      2.5899682608 a      1110     0   111     1    10
    -26.5361259128 a      1111     0   112     1     1
     19.2812227473 a      1112     0   112     1     2
     -9.3058497798 a      1113     0   112     1     3
    -24.2754585805 a      1114     0   112     1     4
     25.7552212907 a      1115     0   112     1     5
     -7.0255235787 a      1116     0   112     1     6
      9.2247869171 a      1117     0   112     1     7
     -5.7408245868 a      1118     0   112     1     8
     -8.2503334887 a      1119     0   112     1     9
     10.3510399252 a      1120     0   112     1    10
     -5.8808743019 a      1121     0   113     1     1
      1.9117787895 a      1122     0   113     1     2
      4.0481119377 a      1123     0   113     1     3
      2.5776004207 a      1124     0   113     1     4
      2.5457685171 a      1125     0   113     1     5
      0.1160063682 a      1126     0   113     1     6
      3.6086812155 a      1127     0   113     1     7
     -4.2507708533 a      1128     0   113     1     8
     -5.5616781343 a      1129     0   113     1     9
     -2.2344457039 a      1130     0   113     1    10
      6.6507019754 a      1131     0   114     1     1
     -7.5710306266 a      1132     0   114     1     2
      7.4046492096 a      1133     0   114     1     3
      6.8055734620 a      1134     0   114     1     4
     -0.9866016068 a      1135     0   114     1     5
      0.4687761633 a      1136     0   114     1     6
     -2.1830772829 a      1137     0   114     1     7
     -5.6792299773 a      1138     0   114     1     8
      2.7848217608 a      1139     0   114     1     9
     -3.9798962838 a      1140     0   114     1    10
     22.7983064210 a      1141     0   115     1     1
    -15.4486771306 a      1142     0   115     1     2
     20.0404195945 a      1143     0   115     1     3
     15.7536423601 a      1144     0   115     1     4
     -3.1116377630 a      1145     0   115     1     5
     -1.6787769315 a      1146     0   115     1     6
     11.3941867151 a      1147     0   115     1     7
      4.0758411990 a      1148     0   115     1     8
     -2.6153677163 a      1149     0   115     1     9
    -12.8535856687 a      1150     0   115     1    10
     -3.1816827143 a      1151     0   116     1     1
      5.2250711926 a      1152     0   116     1     2
     -0.4238052428 a      1153     0   116     1     3
     -1.1777947767 a      1154     0   116     1     4
      1.1890939182 a      1155     0   116     1     5
      1.1770476551 a      1156     0   116     1     6
      4.0232561400 a      1157     0   116     1     7
      1.6437031242 a      1158     0   116     1     8
     -7.9779714077 a      1159     0   116     1     9
      3.9604005693 a      1160     0   116     1    10
     -1.5419902204 a      1161     0   117     1     1
      0.9080027114 a      1162     0   117     1     2
     -4.8392181008 a      1163     0   117     1     3
      1.1053627935 a      1164     0   117     1     4
      3.9737107830 a      1165     0   117     1     5
     -1.1878763217 a      1166     0   117     1     6
     -0.9779324002 a      1167     0   117     1     7
      1.5896623747 a      1168     0   117     1     8
     -2.5183951221 a      1169     0   117     1     9
      0.1469512925 a      1170     0   117     1    10
     -0.8158764427 a      1171     0   118     1     1
      0.3820627554 a      1172     0   118     1     2
      8.9422842770 a      1173     0   118     1     3
     -4.7805167164 a      1174     0   118     1     4
     20.2094275824 a      1175     0   118     1     5
    -12.6334721648 a      1176     0   118     1     6
     16.8456181290 a      1177     0   118     1     7
      0.4928631115 a      1178     0   118     1     8
     -8.3120395476 a      1179     0   118     1     9
      6.3751319044 a      1180     0   118     1    10
     -5.0126507615 a      1181     0   119     1     1
      0.4267548660 a      1182     0   119     1     2
      1.9219618872 a      1183     0   119     1     3
     -4.2775631873 a      1184     0   119     1     4
      2.4197656537 a      1185     0   119     1     5
      0.5610774709 a      1186     0   119     1     6
      0.7249226208 a      1187     0   119     1     7
     -0.4489312389 a      1188     0   119     1     8
     -1.9556871606 a      1189     0   119     1     9
      2.2610864351 a      1190     0   119     1    10
     -6.1510385627 a      1191     0   120     1     1
      3.5305857395 a      1192     0   120     1     2
     -2.4977037422 a      1193     0   120     1     3
      1.1297308224 a      1194     0   120     1     4
      0.5416614364 a      1195     0   120     1     5
      3.1559574101 a      1196     0   120     1     6
     -3.4183887106 a      1197     0   120     1     7
     -2.6935089634 a      1198     0   120     1     8
      0.0813026008 a      1199     0   120     1     9
      4.1750897689 a      1200     0   120     1    10
     -9.9043238300 a      1201     0   121     1     1
      1.9719366088 a      1202     0   121     1     2
    -10.9909723473 a      1203     0   121     1     3
      2.1078860326 a      1204     0   121     1     4
      2.3890094405 a      1205     0   121     1     5
      0.7780325227 a      1206     0   121     1     6
     -3.2005921849 a      1207     0   121     1     7
     -3.0999895390 a      1208     0   121     1     8
      5.0193332509 a      1209     0   121     1     9
     -3.4959261933 a      1210     0   121     1    10
     -2.7153022227 a      1211     0   122     1     1
     -0.6198383431 a      1212     0   122     1     2
     -3.6958349087 a      1213     0   122     1     3
      7.6327282574 a      1214     0   122     1     4
     -2.3752201519 a      1215     0   122     1     5
     -2.1601215786 a      1216     0   122     1     6
     -3.6634405129 a      1217     0   122     1     7
      0.6993415742 a      1218     0   122     1     8
      4.9837211342 a      1219     0   122     1     9
      0.4894738957 a      1220     0   122     1    10
      2.4761340098 a      1221     0   123     1     1
      0.3135945343 a      1222     0   123     1     2
      2.8063676676 a      1223     0   123     1     3
      9.9068218783 a      1224     0   123     1     4
     -2.1341775813 a      1225     0   123     1     5
      2.0662898243 a      1226     0   123     1     6
     -2.1335575169 a      1227     0   123     1     7
      2.4430321369 a      1228     0   123     1     8
     -1.4705770841 a      1229     0   123     1     9
     -6.0014897222 a      1230     0   123     1    10
     -7.6541711747 a      1231     0   124     1     1
     13.4602970532 a      1232     0   124     1     2
     13.2313556585 a      1233     0   124     1     3
     15.7689008367 a      1234     0   124     1     4
    -14.0119563890 a      1235     0   124     1     5
     -1.7949820217 a      1236     0   124     1     6
     11.3712584955 a      1237     0   124     1     7
     19.8038195243 a      1238     0   124     1     8
      1.1375818429 a      1239     0   124     1     9
     -1.8735942466 a      1240     0   124     1    10
     -3.6765165340 a      1241     0   125     1     1
     -0.5697624699 a      1242     0   125     1     2
     -1.7481630767 a      1243     0   125     1     3
     -2.8168627554 a      1244     0   125     1     4
      0.1161402037 a      1245     0   125     1     5
     -0.7355731639 a      1246     0   125     1     6
      0.3153941488 a      1247     0   125     1     7
      2.6425698324 a      1248     0   125     1     8
      2.3641528969 a      1249     0   125     1     9
      4.0367356014 a      1250     0   125     1    10
    -13.1703846452 a      1251     0   126     1     1
     12.2007101451 a      1252     0   126     1     2
     -9.8859303830 a      1253     0   126     1     3
     -7.2223747063 a      1254     0   126     1     4
      4.7338137564 a      1255     0   126     1     5
      0.6073636651 a      1256     0   126     1     6
      0.5264264980 a      1257     0   126     1     7
      6.9004597737 a      1258     0   126     1     8
     -2.6416260609 a      1259     0   126     1     9
     15.4398990629 a      1260     0   126     1    10
     -8.0754856850 a      1261     0   127     1     1
      4.2787978143 a      1262     0   127     1     2
     -9.5734634026 a      1263     0   127     1     3
     -6.0500026780 a      1264     0   127     1     4
     -0.2661634701 a      1265     0   127     1     5
      3.4319438895 a      1266     0   127     1     6
     -0.9864874910 a      1267     0   127     1     7
      0.2876797546 a      1268     0   127     1     8
      2.5679489119 a      1269     0   127     1     9
      4.6498786549 a      1270     0   127     1    10
      2.1174784151 a      1271     0   128     1     1
      6.7276623237 a      1272     0   128     1     2
      3.1299638673 a      1273     0   128     1     3
      0.1230923768 a      1274     0   128     1     4
     -8.9576263798 a      1275     0   128     1     5
      3.2622538487 a      1276     0   128     1     6
     -3.6940010752 a      1277     0   128     1     7
     -3.1411147012 a      1278     0   128     1     8
      1.2925263165 a      1279     0   128     1     9
     -2.1329859444 a      1280     0   128     1    10
      5.6186502028 a      1281     0   129     1     1
      2.0537631600 a      1282     0   129     1     2
      0.0172092389 a      1283     0   129     1     3
      1.8199011020 a      1284     0   129     1     4
      0.0633085476 a      1285     0   129     1     5
     -0.1852009334 a      1286     0   129     1     6
     -0.3819142550 a      1287     0   129     1     7
     -4.3122490512 a      1288     0   129     1     8
     -7.1030198717 a      1289     0   129     1     9
      2.1973963757 a      1290     0   129     1    10
    -14.4507287193 a      1291     0   130     1     1
     -0.1868133216 a      1292     0   130     1     2
      3.3187304872 a      1293     0   130     1     3
    -41.4983185473 a      1294     0   130     1     4
      8.1024378813 a      1295     0   130     1     5
     -0.0970363835 a      1296     0   130     1     6
     20.0367314275 a      1297     0   130     1     7
    -15.5237322992 a      1298     0   130     1     8
    -20.6440708386 a      1299     0   130     1     9
      9.6829907683 a      1300     0   130     1    10
      2.2344096913 a      1301     0   131     1     1
      3.0714259217 a      1302     0   131     1     2
      4.9253673663 a      1303     0   131     1     3
     -5.4385353521 a      1304     0   131     1     4
     -6.1620269836 a      1305     0   131     1     5
      3.1198877965 a      1306     0   131     1     6
      2.5809516967 a      1307     0   131     1     7
     -5.5896102577 a      1308     0   131     1     8
      0.6012525589 a      1309     0   131     1     9
     -3.7335621787 a      1310     0   131     1    10
      5.1391122532 a      1311     0   132     1     1
      2.5621817372 a      1312     0   132     1     2
     -0.6451955731 a      1313     0   132     1     3
     -0.8767372470 a      1314     0   132     1     4
     -1.9512775816 a      1315     0   132     1     5
      0.2168906550 a      1316     0   132     1     6
      4.2462881818 a      1317     0   132     1     7
      2.2486425128 a      1318     0   132     1     8
     -1.7598394366 a      1319     0   132     1     9
      6.8901222739 a      1320     0   132     1    10
     -8.4277641418 a      1321     0   133     1     1
     11.9048163203 a      1322     0   133     1     2
     -5.8368915816 a      1323     0   133     1     3
    -17.0060430798 a      1324     0   133     1     4
     -0.9170670125 a      1325     0   133     1     5
     -0.2994682804 a      1326     0   133     1     6
     -1.7330768398 a      1327     0   133     1     7
      9.1028679428 a      1328     0   133     1     8
     -3.5728477199 a      1329     0   133     1     9
      9.6147537473 a      1330     0   133     1    10
      4.6164360108 a      1331     0   134     1     1
     -3.5547127083 a      1332     0   134     1     2
      3.7492684062 a      1333     0   134     1     3
      3.7264348176 a      1334     0   134     1     4
      9.3315202487 a      1335     0   134     1     5
      1.6449652817 a      1336     0   134     1     6
      4.9787258893 a      1337     0   134     1     7
     -1.1776711519 a      1338     0   134     1     8
     -6.3819461495 a      1339     0   134     1     9
      0.2697304552 a      1340     0   134     1    10
      6.0919769729 a      1341     0   135     1     1
     -3.1984006302 a      1342     0   135     1     2
      4.1865206675 a      1343     0   135     1     3
     -3.9300158034 a      1344     0   135     1     4
      3.0714720460 a      1345     0   135     1     5
     -0.8462258781 a      1346     0   135     1     6
      2.2875844197 a      1347     0   135     1     7
     -0.2265791169 a      1348     0   135     1     8
     -4.5005182732 a      1349     0   135     1     9
     -0.6250718118 a      1350     0   135     1    10
      3.3205518332 a      1351     0   136     1     1
     -9.4696007013 a      1352     0   136     1     2
      0.2415152022 a      1353     0   136     1     3
    -27.6221243180 a      1354     0   136     1     4
     22.4845638883 a      1355     0   136     1     5
     13.9180088843 a      1356     0   136     1     6
     -8.8390697021 a      1357     0   136     1     7
    -27.8498373492 a      1358     0   136     1     8
     -2.2497739549 a      1359     0   136     1     9
    -13.6402043713 a      1360     0   136     1    10
     -4.4057434057 a      1361     0   137     1     1
     -3.9304856489 a      1362     0   137     1     2
      5.1157869874 a      1363     0   137     1     3
     -3.6213949378 a      1364     0   137     1     4
      1.6290226816 a      1365     0   137     1     5
      4.5148423918 a      1366     0   137     1     6
     -3.8258294848 a      1367     0   137     1     7
     -9.3937661938 a      1368     0   137     1     8
     -1.9974826100 a      1369     0   137     1     9
     -4.1398135009 a      1370     0   137     1    10
     -2.0348163880 a      1371     0   138     1     1
     -3.9700463914 a      1372     0   138     1     2
      2.1021676005 a      1373     0   138     1     3
     -1.1801539472 a      1374     0   138     1     4
     -0.5717200259 a      1375     0   138     1     5
     -0.5424732284 a      1376     0   138     1     6
     -7.3100051444 a      1377     0   138     1     7
     -8.4679619916 a      1378     0   138     1     8
      6.8845450886 a      1379     0   138     1     9
     -2.9101197673 a      1380     0   138     1    10
      9.8252035133 a      1381     0   139     1     1
     -2.1521495577 a      1382     0   139     1     2
      3.8837296201 a      1383     0   139     1     3
      7.3607973949 a      1384     0   139     1     4
     -2.2728653691 a      1385     0   139     1     5
     -3.4845291239 a      1386     0   139     1     6
      6.7443339831 a      1387     0   139     1     7
      4.0353186875 a      1388     0   139     1     8
     -4.8760580850 a      1389     0   139     1     9
     -0.3352266068 a      1390     0   139     1    10
    -11.7958937607 a      1391     0   140     1     1
      1.7677751200 a      1392     0   140     1     2
    -10.3316014066 a      1393     0   140     1     3
    -11.3102767985 a      1394     0   140     1     4
      5.2913305895 a      1395     0   140     1     5
      7.4468531064 a      1396     0   140     1     6
     -7.1924973225 a      1397     0   140     1     7
     -6.1837052421 a      1398     0   140     1     8
      1.1571539185 a      1399     0   140     1     9
      2.8086227529 a      1400     0   140     1    10
     -1.6630261064 a      1401     0   141     1     1
     -0.1744147834 a      1402     0   141     1     2
     -2.5385224914 a      1403     0   141     1     3
     -3.2123960475 a      1404     0   141     1     4
      2.3438714090 a      1405     0   141     1     5
     -0.3678586594 a      1406     0   141     1     6
     -1.7727109290 a      1407     0   141     1     7
      1.7462144401 a      1408     0   141     1     8
     -0.7065716001 a      1409     0   141     1     9
      1.4663644140 a      1410     0   141     1    10
     38.0910405414 a      1411     0   142     1     1
    -37.8233206560 a      1412     0   142     1     2
     22.4571546006 a      1413     0   142     1     3
     -3.8989662860 a      1414     0   142     1     4
     20.3923617406 a      1415     0   142     1     5
      1.0970397344 a      1416     0   142     1     6
      5.7169317227 a      1417     0   142     1     7
    -18.7155757582 a      1418     0   142     1     8
     -5.0654970796 a      1419     0   142     1     9
    -13.3884239989 a      1420     0   142     1    10
      1.4903510875 a      1421     0   143     1     1
     -7.7486160471 a      1422     0   143     1     2
      6.6496395450 a      1423     0   143     1     3
     -2.2218973773 a      1424     0   143     1     4
     -0.2858710782 a      1425     0   143     1     5
      3.0851536702 a      1426     0   143     1     6
     -0.7921348706 a      1427     0   143     1     7
     -3.4502489051 a      1428     0   143     1     8
      1.6421873668 a      1429     0   143     1     9
      0.2414869607 a      1430     0   143     1    10
     -3.6171909338 a      1431     0   144     1     1
      1.6576261536 a      1432     0   144     1     2
     -0.1093753512 a      1433     0   144     1     3
     -0.5727551233 a      1434     0   144     1     4
     -1.1467867488 a      1435     0   144     1     5
      1.9134148709 a      1436     0   144     1     6
     -4.3199272102 a      1437     0   144     1     7
     -7.0216778269 a      1438     0   144     1     8
      1.3311791197 a      1439     0   144     1     9
     -0.4515180320 a      1440     0   144     1    10
    -11.5338311448 a      1441     0   145     1     1
      8.5262541150 a      1442     0   145     1     2
    -14.1223000377 a      1443     0   145     1     3
      2.6101692379 a      1444     0   145     1     4
      2.0615242963 a      1445     0   145     1     5
     -1.5525880290 a      1446     0   145     1     6
     -2.1746587507 a      1447     0   145     1     7
     -2.4110739136 a      1448     0   145     1     8
     -1.8798967271 a      1449     0   145     1     9
      1.5985816981 a      1450     0   145     1    10
      7.2866734373 a      1451     0   146     1     1
    -14.1854880866 a      1452     0   146     1     2
      3.2855552877 a      1453     0   146     1     3
      3.6498639437 a      1454     0   146     1     4
     -2.8912543865 a      1455     0   146     1     5
      7.2625037239 a      1456     0   146     1     6
     -0.7948445241 a      1457     0   146     1     7
     -6.5731575930 a      1458     0   146     1     8
      3.1813281410 a      1459     0   146     1     9
     -4.4406462710 a      1460     0   146     1    10
     -2.7903232077 a      1461     0   147     1     1
      2.1092930059 a      1462     0   147     1     2
     -2.0710448054 a      1463     0   147     1     3
      1.5777469667 a      1464     0   147     1     4
     -2.3781489904 a      1465     0   147     1     5
      2.3672463177 a      1466     0   147     1     6
     -4.2790535827 a      1467     0   147     1     7
      4.9382046207 a      1468     0   147     1     8
      0.4009537777 a      1469     0   147     1     9
     -1.1438292059 a      1470     0   147     1    10
    -10.1119502895 a      1471     0   148     1     1
      1.9958533730 a      1472     0   148     1     2
    -13.3461468229 a      1473     0   148     1     3
    -19.2609406927 a      1474     0   148     1     4
     -1.5142424471 a      1475     0   148     1     5
      6.3027145268 a      1476     0   148     1     6
    -20.3272205004 a      1477     0   148     1     7
     -3.1683479551 a      1478     0   148     1     8
     17.4589610352 a      1479     0   148     1     9
      1.7984999651 a      1480     0   148     1    10
      0.8624878649 a      1481     0   149     1     1
     -6.0983736848 a      1482     0   149     1     2
     -2.9459119640 a      1483     0   149     1     3
      3.8971438547 a      1484     0   149     1     4
     -3.1483796293 a      1485     0   149     1     5
     -0.9048375632 a      1486     0   149     1     6
     -2.8585045723 a      1487     0   149     1     7
      1.4145484503 a      1488     0   149     1     8
      6.7775124219 a      1489     0   149     1     9
      5.7586378936 a      1490     0   149     1    10
      5.1375117248 a      1491     0   150     1     1
      0.7127434473 a      1492     0   150     1     2
      7.4348343879 a      1493     0   150     1     3
      1.6405850116 a      1494     0   150     1     4
      2.0301673056 a      1495     0   150     1     5
     -0.6633109511 a      1496     0   150     1     6
      6.1436005086 a      1497     0   150     1     7
      0.5669661542 a      1498     0   150     1     8
     -3.7633804508 a      1499     0   150     1     9
      3.7012318320 a      1500     0   150     1    10
      5.3664753253 a      1501     0   151     1     1
     -4.4986526512 a      1502     0   151     1     2
     -2.2286417960 a      1503     0   151     1     3
      5.4328127540 a      1504     0   151     1     4
     -2.9625456852 a      1505     0   151     1     5
      2.0120341363 a      1506     0   151     1     6
      0.2462181324 a      1507     0   151     1     7
     -7.6315628902 a      1508     0   151     1     8
     -2.8480427815 a      1509     0   151     1     9
      2.3032007107 a      1510     0   151     1    10
      5.0808930689 a      1511     0   152     1     1
      0.2167478147 a      1512     0   152     1     2
     -1.5393207531 a      1513     0   152     1     3
     -3.0375014714 a      1514     0   152     1     4
      1.5913493761 a      1515     0   152     1     5
     -5.9318348991 a      1516     0   152     1     6
     -0.5651547084 a      1517     0   152     1     7
      3.3366636364 a      1518     0   152     1     8
      1.9280910520 a      1519     0   152     1     9
      8.2795813206 a      1520     0   152     1    10
     -0.7658673364 a      1521     0   153     1     1
      8.7777650478 a      1522     0   153     1     2
      4.7814246356 a      1523     0   153     1     3
     -0.5725613004 a      1524     0   153     1     4
      2.9732006525 a      1525     0   153     1     5
     -6.6597900087 a      1526     0   153     1     6
      4.0884721064 a      1527     0   153     1     7
      7.2772927125 a      1528     0   153     1     8
     -5.2694024131 a      1529     0   153     1     9
      3.0140505543 a      1530     0   153     1    10
    -13.9013599779 a      1531     0   154     1     1
     12.7564446608 a      1532     0   154     1     2
    -10.2820515507 a      1533     0   154     1     3
     32.7911122471 a      1534     0   154     1     4
     -8.1835541214 a      1535     0   154     1     5
     -8.9429348918 a      1536     0   154     1     6
     22.0688558398 a      1537     0   154     1     7
     -9.6726579289 a      1538     0   154     1     8
    -22.9120634173 a      1539     0   154     1     9
     11.5651878253 a      1540     0   154     1    10
     -0.0642808157 a      1541     0   155     1     1
      4.6505417591 a      1542     0   155     1     2
     -3.8123084398 a      1543     0   155     1     3
      2.0310537132 a      1544     0   155     1     4
     -7.2054286700 a      1545     0   155     1     5
      3.7643419380 a      1546     0   155     1     6
      4.8980331984 a      1547     0   155     1     7
     -1.6717419213 a      1548     0   155     1     8
     -1.4071723772 a      1549     0   155     1     9
      4.6596077975 a      1550     0   155     1    10
      2.7096132768 a      1551     0   156     1     1
      3.4858220838 a      1552     0   156     1     2
      4.9100871504 a      1553     0   156     1     3
     -3.8677465992 a      1554     0   156     1     4
     -1.9768403700 a      1555     0   156     1     5
      1.8737794082 a      1556     0   156     1     6
     -1.6350499774 a      1557     0   156     1     7
     -1.6120161314 a      1558     0   156     1     8
      8.1230057464 a      1559     0   156     1     9
     -2.9631456544 a      1560     0   156     1    10
     -0.8216065542 b      1561     1     1
     -3.0862025323 b      1562     1     2
     -1.1611848896 b      1563     1     3
      9.6939341500 b      1564     1     4
      5.0774212580 b      1565     1     5
    -18.8804041250 b      1566     1     6
     -7.8566915775 b      1567     1     7
     12.9007869751 b      1568     1     8
     13.0447695334 b      1569     1     9
     -2.5555775839 b      1570     1    10
      5.8810237506 a      1571     1     1     2     1
     14.0848299343 a      1572     1     1     2     2
      1.4358043853 a      1573     1     1     2     3
     14.9870298049 a      1574     1     1     2     4
     10.8390416668 a      1575     1     1     2     5
     22.1105349196 a      1576     1     1     2     6
     -8.3492479027 a      1577     1     1     2     7
      2.1342483117 a      1578     1     1     2     8
      6.5923149568 a      1579     1     1     2     9
    -13.8202129896 a      1580     1     1     2    10
     -5.6353539257 a      1581     1     2     2     1
    -14.9409023786 a      1582     1     2     2     2
     10.1070751084 a      1583     1     2     2     3
    -21.2371591499 a      1584     1     2     2     4
    -26.8863063248 a      1585     1     2     2     5
      2.0032186501 a      1586     1     2     2     6
     17.4504664686 a      1587     1     2     2     7
     -6.8636011973 a      1588     1     2     2     8
     -4.0631983515 a      1589     1     2     2     9
      1.5948119848 a      1590     1     2     2    10
      5.2478432210 a      1591     1     3     2     1
      5.2319680110 a      1592     1     3     2     2
     -2.5486771077 a      1593     1     3     2     3
    -12.0700374350 a      1594     1     3     2     4
    -27.5304376308 a      1595     1     3     2     5
     13.0527419197 a      1596     1     3     2     6
      5.1410848595 a      1597     1     3     2     7
     -1.6144119731 a      1598     1     3     2     8
     -1.1880600599 a      1599     1     3     2     9
    -27.6036107607 a      1600     1     3     2    10
     -9.7620101018 a      1601     1     4     2     1
     42.2397628208 a      1602     1     4     2     2
     24.2727853727 a      1603     1     4     2     3
     -5.7790851063 a      1604     1     4     2     4
      9.2415409056 a      1605     1     4     2     5
      7.9104118858 a      1606     1     4     2     6
      7.8626037712 a      1607     1     4     2     7
     22.2223701034 a      1608     1     4     2     8
     -5.6488129446 a      1609     1     4     2     9
     39.0040682706 a      1610     1     4     2    10
    -16.1828234559 a      1611     1     5     2     1
    -14.7401839928 a      1612     1     5     2     2
    -33.5254559712 a      1613     1     5     2     3
    -14.1639593219 a      1614     1     5     2     4
     33.0973280441 a      1615     1     5     2     5
     -1.9601524920 a      1616     1     5     2     6
    -18.4011273639 a      1617     1     5     2     7
     10.3300230990 a      1618     1     5     2     8
      6.2173461173 a      1619     1     5     2     9
      9.4485280373 a      1620     1     5     2    10
     19.2086642306 a      1621     1     6     2     1
      2.5049545786 a      1622     1     6     2     2
      6.3747772772 a      1623     1     6     2     3
      6.7724972909 a      1624     1     6     2     4
    -61.9300710692 a      1625     1     6     2     5
      9.3665715667 a      1626     1     6     2     6
     -5.5284830181 a      1627     1     6     2     7
    -23.9575708766 a      1628     1     6     2     8
      4.8752700407 a      1629     1     6     2     9
    -32.0097770187 a      1630     1     6     2    10
     10.7198159870 a      1631     1     7     2     1
    -10.1329515759 a      1632     1     7     2     2
      4.9264173301 a      1633     1     7     2     3
    -10.6298756808 a      1634     1     7     2     4
     -4.3369550573 a      1635     1     7     2     5
     17.8689188819 a      1636     1     7     2     6
    -27.6300122011 a      1637     1     7     2     7
     -0.8242697133 a      1638     1     7     2     8
      0.3982486541 a      1639     1     7     2     9
     -2.9157450583 a      1640     1     7     2    10
     -8.9836277354 a      1641     1     8     2     1
    -11.1149359949 a      1642     1     8     2     2
     35.1142983270 a      1643     1     8     2     3
    -11.6554725463 a      1644     1     8     2     4
     23.6937182873 a      1645     1     8     2     5
     11.3174118863 a      1646     1     8     2     6
     32.7033748427 a      1647     1     8     2     7
     -7.4830939880 a      1648     1     8     2     8
     -9.1444732692 a      1649     1     8     2     9
     15.9129364744 a      1650     1     8     2    10
    -18.7640489066 a      1651     1     9     2     1
     11.2671027808 a      1652     1     9     2     2
     -5.9380507769 a      1653     1     9     2     3
    -16.5312344938 a      1654     1     9     2     4
     28.5132452164 a      1655     1     9     2     5
    -14.7263913042 a      1656     1     9     2     6
     49.8537690997 a      1657     1     9     2     7
      5.5475205284 a      1658     1     9     2     8
     -4.8948252548 a      1659     1     9     2     9
     17.8915416260 a      1660     1     9     2    10
    -12.3176908576 a      1661     1    10     2     1
    -29.4645874232 a      1662     1    10     2     2
     16.0595469046 a      1663     1    10     2     3
     11.9121090014 a      1664     1    10     2     4
     44.6101296242 a      1665     1    10     2     5
     -1.6553970719 a      1666     1    10     2     6
    -10.5375519268 a      1667     1    10     2     7
      1.4788220519 a      1668     1    10     2     8
     -5.6692114909 a      1669     1    10     2     9
     16.4315660704 a      1670     1    10     2    10
      0.5344887524 b      1671     2     1
     -3.1302539789 b      1672     2     2
     -1.1799034055 b      1673     2     3
     -0.4203920272 b      1674     2     4
     -0.7923077636 b      1675     2     5
     -1.7532074917 b      1676     2     6
      3.0801440875 b      1677     2     7
      1.9794573835 b      1678     2     8
      0.1351665334 b      1679     2     9
     -2.3255540685 b      1680     2    10
      1.2184150653 a      1681     2     1     3     1
     -6.4713999581 a      1682     2     2     3     1
     -4.4003102709 a      1683     2     3     3     1
      4.4978637159 a      1684     2     4     3     1
     -3.8067395589 a      1685     2     5     3     1
     -0.1069546690 a      1686     2     6     3     1
      3.2913481147 a      1687     2     7     3     1
     -0.2913267968 a      1688     2     8     3     1
      0.3349499665 a      1689     2     9     3     1
      7.4752853037 a      1690     2    10     3     1
     -2.0415623759 b      1691     3     1
