     27.8132966130 a         1     0     1     1     1
     -0.9771118032 a         2     0     1     1     2
     -8.5267634678 a         3     0     1     1     3
     -6.6568194902 a         4     0     1     1     4
    -24.0183975405 a         5     0     1     1     5
     -0.9138346851 a         6     0     1     1     6
      1.7406423727 a         7     0     1     1     7
    -26.9067108348 a         8     0     1     1     8
     13.8518348794 a         9     0     1     1     9
      8.4122122732 a        10     0     1     1    10
    -13.0501184249 a        11     0     2     1     1
     -1.1168277580 a        12     0     2     1     2
      0.9304895946 a        13     0     2     1     3
      4.4284627687 a        14     0     2     1     4
     -6.5312298324 a        15     0     2     1     5
     11.6254761645 a        16     0     2     1     6
     -5.9899839764 a        17     0     2     1     7
      8.7262898282 a        18     0     2     1     8
     -3.2787514712 a        19     0     2     1     9
      0.3977897897 a        20     0     2     1    10
    -12.1018193865 a        21     0     3     1     1
    -11.1437663404 a        22     0     3     1     2
      6.6864547213 a        23     0     3     1     3
      4.4754662026 a        24     0     3     1     4
    -13.4738678399 a        25     0     3     1     5
      8.6035704345 a        26     0     3     1     6
     -1.7112387224 a        27     0     3     1     7
     -3.6479798631 a        28     0     3     1     8
      9.3485131402 a        29     0     3     1     9
     17.1464872653 a        30     0     3     1    10
     13.5249262810 a        31     0     4     1     1
      3.6172710224 a        32     0     4     1     2
     -6.3689421111 a        33     0     4     1     3
     -4.5887096393 a        34     0     4     1     4
    -16.2449510046 a        35     0     4     1     5
     -0.3085065248 a        36     0     4     1     6
      0.9992010274 a        37     0     4     1     7
    -13.0403923691 a        38     0     4     1     8
     19.3073918934 a        39     0     4     1     9
      5.2850672830 a        40     0     4     1    10
    -11.8048743759 a        41     0     5     1     1
      5.1238186135 a        42     0     5     1     2
      3.9819666865 a        43     0     5     1     3
      1.0073112549 a        44     0     5     1     4
     -2.8860013701 a        45     0     5     1     5
      5.1976865381 a        46     0     5     1     6
     -2.7751822252 a        47     0     5     1     7
      2.9624877610 a        48     0     5     1     8
      3.7553924262 a        49     0     5     1     9
     -6.2973988434 a        50     0     5     1    10
    -17.7559475455 a        51     0     6     1     1
     -2.3221074566 a        52     0     6     1     2
     12.1918125404 a        53     0     6     1     3
      1.1678914132 a        54     0     6     1     4
      5.0659087565 a        55     0     6     1     5
     -3.1362900172 a        56     0     6     1     6
      4.4623583438 a        57     0     6     1     7
      6.4509394844 a        58     0     6     1     8
     -3.9608279103 a        59     0     6     1     9
     -8.9176359030 a        60     0     6     1    10
      1.5241793403 a        61     0     7     1     1
     14.8246890445 a        62     0     7     1     2
     -3.0012978968 a        63     0     7     1     3
    -12.4027167446 a        64     0     7     1     4
     -2.3535752352 a        65     0     7     1     5
      3.9722784692 a        66     0     7     1     6
    -12.0347462268 a        67     0     7     1     7
     10.3720455108 a        68     0     7     1     8
     14.6866137239 a        69     0     7     1     9
      1.0119564695 a        70     0     7     1    10
    -12.9268922305 a        71     0     8     1     1
      3.8408041566 a        72     0     8     1     2
      3.3887927779 a        73     0     8     1     3
      4.7831396662 a        74     0     8     1     4
      1.0728525663 a        75     0     8     1     5
      7.2080257655 a        76     0     8     1     6
      5.1255282262 a        77     0     8     1     7
     -2.5416099145 a        78     0     8     1     8
      0.2787590442 a        79     0     8     1     9
     -3.3082190120 a        80     0     8     1    10
    -18.8196550973 a        81     0     9     1     1
      5.1942296120 a        82     0     9     1     2
      0.7094277545 a        83     0     9     1     3
     -1.1142662378 a        84     0     9     1     4
     12.0733148560 a        85     0     9     1     5
     -2.0339090058 a        86     0     9     1     6
     -9.2425034972 a        87     0     9     1     7
     21.4787245763 a        88     0     9     1     8
    -20.6076993273 a        89     0     9     1     9
    -18.0038931035 a        90     0     9     1    10
    -11.3641391817 a        91     0    10     1     1
      1.0378991964 a        92     0    10     1     2
      0.3599122471 a        93     0    10     1     3
     -4.5099713918 a        94     0    10     1     4
     22.2789267916 a        95     0    10     1     5
      8.1933910921 a        96     0    10     1     6
     22.1762834068 a        97     0    10     1     7
      6.2001714647 a        98     0    10     1     8
     -4.8710580456 a        99     0    10     1     9
     -5.7810610588 a       100     0    10     1    10
    -11.6696015360 a       101     0    11     1     1
      0.5558207400 a       102     0    11     1     2
      2.0494620568 a       103     0    11     1     3
     10.0521117427 a       104     0    11     1     4
      6.2266592321 a       105     0    11     1     5
     12.9848385188 a       106     0    11     1     6
      3.6210538984 a       107     0    11     1     7
      0.2672853406 a       108     0    11     1     8
     -9.4752180535 a       109     0    11     1     9
      2.5346568282 a       110     0    11     1    10
    -20.1003152068 a       111     0    12     1     1
     -8.2020307905 a       112     0    12     1     2
    -12.7177949581 a       113     0    12     1     3
     15.8844069140 a       114     0    12     1     4
     13.8011417872 a       115     0    12     1     5
     10.0647473846 a       116     0    12     1     6
      5.7864956280 a       117     0    12     1     7
      8.1019754028 a       118     0    12     1     8
    -30.9757132594 a       119     0    12     1     9
    -13.8892328213 a       120     0    12     1    10
    -15.4984989225 a       121     0    13     1     1
     -3.9358532387 a       122     0    13     1     2
     -7.0355962879 a       123     0    13     1     3
     11.1157000591 a       124     0    13     1     4
     20.8793913774 a       125     0    13     1     5
      2.2131901953 a       126     0    13     1     6
      6.7235040491 a       127     0    13     1     7
      8.5826753033 a       128     0    13     1     8
    -25.6062683626 a       129     0    13     1     9
    -16.4197025577 a       130     0    13     1    10
    -10.6954771585 a       131     0    14     1     1
      5.0369569913 a       132     0    14     1     2
     -2.0125349083 a       133     0    14     1     3
     11.7626103570 a       134     0    14     1     4
      5.0943995599 a       135     0    14     1     5
     16.3997602801 a       136     0    14     1     6
    -16.0227008028 a       137     0    14     1     7
     15.0688025816 a       138     0    14     1     8
    -17.9731731818 a       139     0    14     1     9
      7.5441091498 a       140     0    14     1    10
    -13.1391369415 a       141     0    15     1     1
     -4.7364582314 a       142     0    15     1     2
    -21.6290103466 a       143     0    15     1     3
     11.4481868882 a       144     0    15     1     4
     -5.1648234793 a       145     0    15     1     5
     14.7270739219 a       146     0    15     1     6
     -8.7920148387 a       147     0    15     1     7
     -1.0490581899 a       148     0    15     1     8
     -6.2026583812 a       149     0    15     1     9
     -6.9453858363 a       150     0    15     1    10
    -11.7822643518 a       151     0    16     1     1
     -1.7597145622 a       152     0    16     1     2
     -9.7402414642 a       153     0    16     1     3
     16.6370195587 a       154     0    16     1     4
     -3.5843874960 a       155     0    16     1     5
     -2.2705128918 a       156     0    16     1     6
    -20.6922193071 a       157     0    16     1     7
      1.6646292841 a       158     0    16     1     8
    -17.5192596878 a       159     0    16     1     9
     -8.1565571270 a       160     0    16     1    10
    -13.9750015343 a       161     0    17     1     1
      1.6529801399 a       162     0    17     1     2
     -2.9834095620 a       163     0    17     1     3
     13.2880984584 a       164     0    17     1     4
      3.6745599225 a       165     0    17     1     5
      9.4088147238 a       166     0    17     1     6
     -0.1185355016 a       167     0    17     1     7
      3.6251980649 a       168     0    17     1     8
     -9.1631980839 a       169     0    17     1     9
      2.7490775166 a       170     0    17     1    10
      0.1267214593 a       171     0    18     1     1
      2.6798596930 a       172     0    18     1     2
     -6.2477925491 a       173     0    18     1     3
    -13.0066274997 a       174     0    18     1     4
    -16.2331960468 a       175     0    18     1     5
     15.8298545094 a       176     0    18     1     6
    -15.0964067142 a       177     0    18     1     7
     -7.0728339274 a       178     0    18     1     8
     22.8485074746 a       179     0    18     1     9
     13.4324109346 a       180     0    18     1    10
     -9.2570488394 a       181     0    19     1     1
     -2.7116446876 a       182     0    19     1     2
      8.9650709299 a       183     0    19     1     3
     17.8379584244 a       184     0    19     1     4
     -6.8956679587 a       185     0    19     1     5
      6.2265352606 a       186     0    19     1     6
    -13.8298859979 a       187     0    19     1     7
    -19.8960033628 a       188     0    19     1     8
     -8.4051662638 a       189     0    19     1     9
      1.8719883674 a       190     0    19     1    10
     -7.8027710582 a       191     0    20     1     1
      6.3471286311 a       192     0    20     1     2
     -0.0458096830 a       193     0    20     1     3
     -0.7586417517 a       194     0    20     1     4
     -0.3031221759 a       195     0    20     1     5
     -7.0887308807 a       196     0    20     1     6
      0.3956005254 a       197     0    20     1     7
     -1.8771201377 a       198     0    20     1     8
     10.9778513397 a       199     0    20     1     9
     -5.4528455745 a       200     0    20     1    10
      8.8726799370 a       201     0    21     1     1
     12.1907624593 a       202     0    21     1     2
     41.2603234939 a       203     0    21     1     3
     15.8960235865 a       204     0    21     1     4
     14.6791112250 a       205     0    21     1     5
     -8.0080083499 a       206     0    21     1     6
      4.3938100175 a       207     0    21     1     7
      1.3003942353 a       208     0    21     1     8
    -19.9542112794 a       209     0    21     1     9
      0.5106682137 a       210     0    21     1    10
     -3.1838999124 a       211     0    22     1     1
     12.3775509734 a       212     0    22     1     2
     28.0271907343 a       213     0    22     1     3
    -24.0744506410 a       214     0    22     1     4
     32.2036839702 a       215     0    22     1     5
     12.3549114528 a       216     0    22     1     6
     13.8686820246 a       217     0    22     1     7
     35.6915390679 a       218     0    22     1     8
    -15.3569703185 a       219     0    22     1     9
     13.0486713070 a       220     0    22     1    10
     11.7145115955 a       221     0    23     1     1
    -11.3408626635 a       222     0    23     1     2
      1.5202305319 a       223     0    23     1     3
      0.8929933601 a       224     0    23     1     4
     -5.3372543652 a       225     0    23     1     5
     -0.5656031590 a       226     0    23     1     6
     -5.6394145450 a       227     0    23     1     7
     -8.1511824936 a       228     0    23     1     8
      4.3275606407 a       229     0    23     1     9
      5.6369687967 a       230     0    23     1    10
    -32.1501231419 a       231     0    24     1     1
      8.2038906787 a       232     0    24     1     2
    -57.0556817588 a       233     0    24     1     3
     -3.6927783855 a       234     0    24     1     4
    -29.3803505704 a       235     0    24     1     5
     -4.0324338058 a       236     0    24     1     6
      6.0767758607 a       237     0    24     1     7
    -19.7698839879 a       238     0    24     1     8
      0.3723139165 a       239     0    24     1     9
     -8.8153317627 a       240     0    24     1    10
      0.6645370393 a       241     0    25     1     1
     -8.4088478379 a       242     0    25     1     2
     -9.4949247399 a       243     0    25     1     3
     26.4326060045 a       244     0    25     1     4
     -2.5442099900 a       245     0    25     1     5
     16.9991394380 a       246     0    25     1     6
      4.2258839735 a       247     0    25     1     7
     -2.4548758192 a       248     0    25     1     8
    -15.8491787266 a       249     0    25     1     9
      8.0161873824 a       250     0    25     1    10
      5.8658035740 a       251     0    26     1     1
     -1.9889292383 a       252     0    26     1     2
     -5.2257645835 a       253     0    26     1     3
      1.5477287927 a       254     0    26     1     4
     -9.4466318921 a       255     0    26     1     5
     -8.4241065803 a       256     0    26     1     6
     -5.5288587703 a       257     0    26     1     7
     -2.6127846421 a       258     0    26     1     8
     -0.6678586209 a       259     0    26     1     9
    -11.4572787777 a       260     0    26     1    10
      5.1037502568 a       261     0    27     1     1
     -9.1622708939 a       262     0    27     1     2
     -5.4504913312 a       263     0    27     1     3
     18.2206534896 a       264     0    27     1     4
    -10.0891896393 a       265     0    27     1     5
    -14.5488501437 a       266     0    27     1     6
     -1.3554973395 a       267     0    27     1     7
     -9.1443311040 a       268     0    27     1     8
     -5.2911909046 a       269     0    27     1     9
    -11.7038703579 a       270     0    27     1    10
      3.0117216741 a       271     0    28     1     1
     12.8007250200 a       272     0    28     1     2
     12.3181800048 a       273     0    28     1     3
     -8.7975443457 a       274     0    28     1     4
      4.0282666601 a       275     0    28     1     5
    -21.2856834674 a       276     0    28     1     6
     -1.8447404357 a       277     0    28     1     7
     -0.4229393537 a       278     0    28     1     8
     12.7189737447 a       279     0    28     1     9
    -14.3300381848 a       280     0    28     1    10
     -1.8736438044 a       281     0    29     1     1
      7.0194988573 a       282     0    29     1     2
      4.1003947109 a       283     0    29     1     3
      6.6281578227 a       284     0    29     1     4
      2.6630803443 a       285     0    29     1     5
     -8.9599249854 a       286     0    29     1     6
     -1.4488015616 a       287     0    29     1     7
     -6.7300910223 a       288     0    29     1     8
     -9.0513226391 a       289     0    29     1     9
    -12.2049147218 a       290     0    29     1    10
      2.0776855892 a       291     0    30     1     1
      0.6116393600 a       292     0    30     1     2
     -0.8936392298 a       293     0    30     1     3
     -2.7162186869 a       294     0    30     1     4
      1.7255521712 a       295     0    30     1     5
     -6.8992867322 a       296     0    30     1     6
     -2.3814519447 a       297     0    30     1     7
     -1.3962794096 a       298     0    30     1     8
     -8.5307810534 a       299     0    30     1     9
     -7.7872126514 a       300     0    30     1    10
     -5.3424867922 a       301     0    31     1     1
      9.3220019219 a       302     0    31     1     2
     -4.4638676801 a       303     0    31     1     3
      6.2457701739 a       304     0    31     1     4
      0.9737162966 a       305     0    31     1     5
      1.8196984810 a       306     0    31     1     6
     -1.9075367742 a       307     0    31     1     7
     -0.0053832799 a       308     0    31     1     8
     -5.3382152417 a       309     0    31     1     9
     -6.4379320312 a       310     0    31     1    10
     -3.2995668601 a       311     0    32     1     1
      1.6928126148 a       312     0    32     1     2
      8.8673094962 a       313     0    32     1     3
     -1.6626091509 a       314     0    32     1     4
      7.2669214197 a       315     0    32     1     5
     -7.0328616632 a       316     0    32     1     6
      5.2986711238 a       317     0    32     1     7
      5.3255913594 a       318     0    32     1     8
     -2.9726963143 a       319     0    32     1     9
    -11.1566659580 a       320     0    32     1    10
      8.1522975041 a       321     0    33     1     1
     -8.8721980929 a       322     0    33     1     2
      6.5937786351 a       323     0    33     1     3
      9.0825227947 a       324     0    33     1     4
      4.2690472277 a       325     0    33     1     5
     -0.2274033583 a       326     0    33     1     6
      6.9638580088 a       327     0    33     1     7
     -1.9763701492 a       328     0    33     1     8
     -4.4721104267 a       329     0    33     1     9
      7.7100738603 a       330     0    33     1    10
      4.0239780236 a       331     0    34     1     1
     -8.1996173053 a       332     0    34     1     2
     -3.7983817180 a       333     0    34     1     3
     -6.7740523840 a       334     0    34     1     4
     -4.7922560831 a       335     0    34     1     5
     -2.9428853616 a       336     0    34     1     6
      5.7231693954 a       337     0    34     1     7
     -4.6864130633 a       338     0    34     1     8
      1.7409172950 a       339     0    34     1     9
      0.6709822940 a       340     0    34     1    10
     -1.3785175685 a       341     0    35     1     1
     -1.1664386297 a       342     0    35     1     2
      4.3490718713 a       343     0    35     1     3
      3.9892053758 a       344     0    35     1     4
     -0.4895760023 a       345     0    35     1     5
      0.0825012408 a       346     0    35     1     6
     -1.9249076396 a       347     0    35     1     7
      5.0940561575 a       348     0    35     1     8
    -12.2354131906 a       349     0    35     1     9
      2.6846388595 a       350     0    35     1    10
     -7.0769342748 a       351     0    36     1     1
     -7.7242757695 a       352     0    36     1     2
     -3.0757514794 a       353     0    36     1     3
      2.3903011918 a       354     0    36     1     4
     -1.0107827564 a       355     0    36     1     5
      3.4552940448 a       356     0    36     1     6
      4.4155496502 a       357     0    36     1     7
     -2.2598573573 a       358     0    36     1     8
     -3.9677348729 a       359     0    36     1     9
      7.1048819461 a       360     0    36     1    10
     15.3906784855 a       361     0    37     1     1
      3.3946491237 a       362     0    37     1     2
     -8.5920986093 a       363     0    37     1     3
    -12.9395617278 a       364     0    37     1     4
     -2.7559720438 a       365     0    37     1     5
     -2.4972716093 a       366     0    37     1     6
      4.5780211679 a       367     0    37     1     7
     10.6769629287 a       368     0    37     1     8
      6.0238404372 a       369     0    37     1     9
     -3.0368482060 a       370     0    37     1    10
      6.2241421467 a       371     0    38     1     1
     -6.6092533485 a       372     0    38     1     2
     -1.5092531642 a       373     0    38     1     3
     11.7698949055 a       374     0    38     1     4
     -6.6148085562 a       375     0    38     1     5
      4.4169164239 a       376     0    38     1     6
     -2.7308852208 a       377     0    38     1     7
      0.0530121569 a       378     0    38     1     8
     -4.3863716286 a       379     0    38     1     9
      0.6645403138 a       380     0    38     1    10
     -4.9584633631 a       381     0    39     1     1
      0.8998592323 a       382     0    39     1     2
    -17.3031955377 a       383     0    39     1     3
      9.5611218016 a       384     0    39     1     4
     -4.7420797871 a       385     0    39     1     5
     15.2871217792 a       386     0    39     1     6
    -34.7154390883 a       387     0    39     1     7
     14.6353202855 a       388     0    39     1     8
    -12.7587150017 a       389     0    39     1     9
      8.4147603227 a       390     0    39     1    10
      1.6445495387 a       391     0    40     1     1
      4.3239212192 a       392     0    40     1     2
     -2.0515444075 a       393     0    40     1     3
     -3.8170429322 a       394     0    40     1     4
      3.9230778088 a       395     0    40     1     5
    -11.1759871868 a       396     0    40     1     6
     -2.6828942867 a       397     0    40     1     7
     -4.9891755813 a       398     0    40     1     8
     -4.7300447224 a       399     0    40     1     9
     -7.7469800819 a       400     0    40     1    10
      6.1842671660 a       401     0    41     1     1
     14.1748098299 a       402     0    41     1     2
      6.3494120987 a       403     0    41     1     3
     -6.8322278444 a       404     0    41     1     4
     -1.6023384395 a       405     0    41     1     5
     -6.7978652244 a       406     0    41     1     6
      0.8395511116 a       407     0    41     1     7
     -5.4864571316 a       408     0    41     1     8
     11.9185412223 a       409     0    41     1     9
     -4.8745111752 a       410     0    41     1    10
      8.5753235653 a       411     0    42     1     1
     -0.9552022696 a       412     0    42     1     2
     16.4898824581 a       413     0    42     1     3
     -0.7527471245 a       414     0    42     1     4
      5.9663250678 a       415     0    42     1     5
    -11.9677131997 a       416     0    42     1     6
     10.1107330395 a       417     0    42     1     7
    -16.3877814420 a       418     0    42     1     8
     -4.4883654447 a       419     0    42     1     9
     -9.9083547167 a       420     0    42     1    10
     -3.5890236051 a       421     0    43     1     1
     17.0674887370 a       422     0    43     1     2
     -1.4427786319 a       423     0    43     1     3
     -5.9766666093 a       424     0    43     1     4
      2.0520690678 a       425     0    43     1     5
     -6.5041796515 a       426     0    43     1     6
     -2.5224193142 a       427     0    43     1     7
      2.0282182478 a       428     0    43     1     8
      0.2933413742 a       429     0    43     1     9
    -11.6400378288 a       430     0    43     1    10
     -5.5617801069 a       431     0    44     1     1
      1.0160309291 a       432     0    44     1     2
     11.9503864083 a       433     0    44     1     3
     -0.1844623413 a       434     0    44     1     4
     13.7778624216 a       435     0    44     1     5
     -5.1582733135 a       436     0    44     1     6
      8.5708042354 a       437     0    44     1     7
      8.6317634908 a       438     0    44     1     8
     -5.8483979419 a       439     0    44     1     9
     -9.1752212093 a       440     0    44     1    10
      6.0367555807 a       441     0    45     1     1
     -8.4302477777 a       442     0    45     1     2
      7.4786603389 a       443     0    45     1     3
      4.1519125116 a       444     0    45     1     4
      7.0334954084 a       445     0    45     1     5
      8.9758999233 a       446     0    45     1     6
      2.7411427551 a       447     0    45     1     7
      4.9107935376 a       448     0    45     1     8
     -4.5879012076 a       449     0    45     1     9
     16.6614506739 a       450     0    45     1    10
      2.9701272833 a       451     0    46     1     1
    -15.5982902727 a       452     0    46     1     2
    -10.9470668694 a       453     0    46     1     3
     -4.7021682258 a       454     0    46     1     4
     -6.3007556801 a       455     0    46     1     5
      5.8893314557 a       456     0    46     1     6
      8.0147123845 a       457     0    46     1     7
     -5.9705409654 a       458     0    46     1     8
     -4.9361040030 a       459     0    46     1     9
      7.6264975760 a       460     0    46     1    10
     -0.9438388831 a       461     0    47     1     1
     -1.5165692169 a       462     0    47     1     2
      3.7107510797 a       463     0    47     1     3
      0.5351677752 a       464     0    47     1     4
     -2.7164080615 a       465     0    47     1     5
      1.6912181178 a       466     0    47     1     6
     -1.0932137034 a       467     0    47     1     7
      7.2253801438 a       468     0    47     1     8
     -7.8211226005 a       469     0    47     1     9
      8.9796977122 a       470     0    47     1    10
     -7.1608272810 a       471     0    48     1     1
     -9.5911400936 a       472     0    48     1     2
      3.2572444117 a       473     0    48     1     3
      4.9511070088 a       474     0    48     1     4
     -2.1221831544 a       475     0    48     1     5
      3.7496233812 a       476     0    48     1     6
      8.9951396933 a       477     0    48     1     7
     -6.9470634492 a       478     0    48     1     8
     -1.5951431220 a       479     0    48     1     9
     12.1305647199 a       480     0    48     1    10
     -4.1118034572 a       481     0    49     1     1
     -3.4275132588 a       482     0    49     1     2
     -3.8010007600 a       483     0    49     1     3
     24.1408610553 a       484     0    49     1     4
      0.8417325814 a       485     0    49     1     5
     11.5114854683 a       486     0    49     1     6
     -7.2888577345 a       487     0    49     1     7
      8.9108985568 a       488     0    49     1     8
    -15.7933226783 a       489     0    49     1     9
      3.2406475823 a       490     0    49     1    10
      0.3747811400 a       491     0    50     1     1
     -1.9351268468 a       492     0    50     1     2
     -9.3800840001 a       493     0    50     1     3
     -4.4596104957 a       494     0    50     1     4
     -2.5833983965 a       495     0    50     1     5
     -1.4870415177 a       496     0    50     1     6
     10.4185065025 a       497     0    50     1     7
     -6.7471752584 a       498     0    50     1     8
      0.7422210154 a       499     0    50     1     9
     -6.8075199248 a       500     0    50     1    10
      9.1975706279 a       501     0    51     1     1
      4.0446040524 a       502     0    51     1     2
      2.0205116178 a       503     0    51     1     3
     -7.6150424998 a       504     0    51     1     4
     -4.7558063920 a       505     0    51     1     5
    -30.0979342385 a       506     0    51     1     6
     11.8506234631 a       507     0    51     1     7
    -12.7790519057 a       508     0    51     1     8
     17.3221305394 a       509     0    51     1     9
    -21.6969551528 a       510     0    51     1    10
      3.8021618751 a       511     0    52     1     1
      4.7552223030 a       512     0    52     1     2
      4.0313031675 a       513     0    52     1     3
     -2.7881782394 a       514     0    52     1     4
      1.5108243170 a       515     0    52     1     5
     -9.5583098690 a       516     0    52     1     6
     -1.9907324415 a       517     0    52     1     7
      0.8119356013 a       518     0    52     1     8
      1.7862695838 a       519     0    52     1     9
     -3.1849992473 a       520     0    52     1    10
     -0.9536651986 a       521     0    53     1     1
      3.9947279484 a       522     0    53     1     2
     -4.0023711802 a       523     0    53     1     3
      2.7002309519 a       524     0    53     1     4
      3.0984788255 a       525     0    53     1     5
      0.2696103523 a       526     0    53     1     6
     -5.7586756221 a       527     0    53     1     7
     -2.1450419867 a       528     0    53     1     8
    -14.0431125372 a       529     0    53     1     9
     -3.2285429896 a       530     0    53     1    10
     -8.1809244250 a       531     0    54     1     1
     -2.7961425705 a       532     0    54     1     2
     -2.3804870553 a       533     0    54     1     3
      0.9058753863 a       534     0    54     1     4
      5.4352659379 a       535     0    54     1     5
     10.1590325348 a       536     0    54     1     6
      1.9972644532 a       537     0    54     1     7
      4.6020471086 a       538     0    54     1     8
     -9.5966654158 a       539     0    54     1     9
      3.1440201104 a       540     0    54     1    10
     -9.4869660462 a       541     0    55     1     1
     10.2173289351 a       542     0    55     1     2
      0.7113490848 a       543     0    55     1     3
      7.7845807796 a       544     0    55     1     4
      2.2784800522 a       545     0    55     1     5
     -0.7381633384 a       546     0    55     1     6
     -4.8632650203 a       547     0    55     1     7
      2.6806628714 a       548     0    55     1     8
     -5.3550365912 a       549     0    55     1     9
     -8.2954283969 a       550     0    55     1    10
     -1.7715852499 a       551     0    56     1     1
     -2.5305810288 a       552     0    56     1     2
     -1.1795377105 a       553     0    56     1     3
     -0.0128643481 a       554     0    56     1     4
      2.7187093731 a       555     0    56     1     5
      2.2890286347 a       556     0    56     1     6
     -0.7264586729 a       557     0    56     1     7
      3.7217932622 a       558     0    56     1     8
     -2.5683477472 a       559     0    56     1     9
     -1.1431886666 a       560     0    56     1    10
      9.2599627667 a       561     0    57     1     1
      0.3110724702 a       562     0    57     1     2
      6.0041781044 a       563     0    57     1     3
     -3.0955454226 a       564     0    57     1     4
      0.9364645480 a       565     0    57     1     5
     -2.7603047104 a       566     0    57     1     6
    -11.0359834160 a       567     0    57     1     7
     10.2009942903 a       568     0    57     1     8
      0.8485270437 a       569     0    57     1     9
      5.9163130534 a       570     0    57     1    10
      2.3821874729 a       571     0    58     1     1
     -3.9868949093 a       572     0    58     1     2
     -1.9309520050 a       573     0    58     1     3
     -6.0705124906 a       574     0    58     1     4
     -3.9325510478 a       575     0    58     1     5
     -3.7087950277 a       576     0    58     1     6
     -0.2733260208 a       577     0    58     1     7
     -1.6793510959 a       578     0    58     1     8
      4.2936455849 a       579     0    58     1     9
      0.7105390389 a       580     0    58     1    10
     -2.6505006182 a       581     0    59     1     1
      1.0256407682 a       582     0    59     1     2
      2.1142149579 a       583     0    59     1     3
     -0.7197879963 a       584     0    59     1     4
     -0.3718395434 a       585     0    59     1     5
     -2.0556376096 a       586     0    59     1     6
      1.4398687822 a       587     0    59     1     7
      0.0264435533 a       588     0    59     1     8
     -4.4036528251 a       589     0    59     1     9
      3.3195502925 a       590     0    59     1    10
     -7.0750055572 a       591     0    60     1     1
      1.5408336036 a       592     0    60     1     2
     -1.2998964554 a       593     0    60     1     3
     -5.0287822155 a       594     0    60     1     4
     -0.4496472678 a       595     0    60     1     5
     -1.2987104775 a       596     0    60     1     6
      2.5108584662 a       597     0    60     1     7
      3.6644168150 a       598     0    60     1     8
     -1.2079398726 a       599     0    60     1     9
      3.9555578166 a       600     0    60     1    10
     12.8913970542 a       601     0    61     1     1
      1.8942764798 a       602     0    61     1     2
      1.2888209073 a       603     0    61     1     3
     -8.7564113873 a       604     0    61     1     4
      4.5586511275 a       605     0    61     1     5
     -7.8300601461 a       606     0    61     1     6
     18.3250104124 a       607     0    61     1     7
     10.8301220363 a       608     0    61     1     8
      6.7332267227 a       609     0    61     1     9
     -5.0828837545 a       610     0    61     1    10
     -3.2024458826 a       611     0    62     1     1
      9.2459687074 a       612     0    62     1     2
     -2.2548468668 a       613     0    62     1     3
    -10.0580525340 a       614     0    62     1     4
      3.1768962524 a       615     0    62     1     5
      4.8156332280 a       616     0    62     1     6
      5.3660881867 a       617     0    62     1     7
      4.7870706272 a       618     0    62     1     8
      7.1866466800 a       619     0    62     1     9
     -1.2332474121 a       620     0    62     1    10
     -6.3694104840 a       621     0    63     1     1
      5.4209222255 a       622     0    63     1     2
      1.9956656018 a       623     0    63     1     3
    -17.4811128084 a       624     0    63     1     4
     10.9558635799 a       625     0    63     1     5
     -1.1468162327 a       626     0    63     1     6
     31.4486090189 a       627     0    63     1     7
    -11.1039628982 a       628     0    63     1     8
     21.5185197393 a       629     0    63     1     9
     -2.7816414816 a       630     0    63     1    10
      2.2684818411 a       631     0    64     1     1
    -10.4571030185 a       632     0    64     1     2
    -12.8622585894 a       633     0    64     1     3
      4.7249824467 a       634     0    64     1     4
      4.1978319999 a       635     0    64     1     5
      5.0920256551 a       636     0    64     1     6
      5.0618753168 a       637     0    64     1     7
     -9.0837832352 a       638     0    64     1     8
    -20.9193800459 a       639     0    64     1     9
      6.0433480926 a       640     0    64     1    10
      5.2654369883 a       641     0    65     1     1
     -1.2906352286 a       642     0    65     1     2
     -7.7824878029 a       643     0    65     1     3
     -0.4737765515 a       644     0    65     1     4
      0.2541382149 a       645     0    65     1     5
      9.8142992120 a       646     0    65     1     6
      5.7419979799 a       647     0    65     1     7
     -5.2818928742 a       648     0    65     1     8
     -5.3937014406 a       649     0    65     1     9
     12.3550265969 a       650     0    65     1    10
     -1.5813631951 a       651     0    66     1     1
      2.7908029520 a       652     0    66     1     2
     14.1789528078 a       653     0    66     1     3
      1.5980686526 a       654     0    66     1     4
      3.7416968686 a       655     0    66     1     5
      6.2556145727 a       656     0    66     1     6
    -18.7047851392 a       657     0    66     1     7
      4.9026368119 a       658     0    66     1     8
     -7.0522983773 a       659     0    66     1     9
      1.0864407583 a       660     0    66     1    10
     -6.7535604501 a       661     0    67     1     1
     14.7784906053 a       662     0    67     1     2
      2.0970472471 a       663     0    67     1     3
     -3.2515832193 a       664     0    67     1     4
      4.8936658747 a       665     0    67     1     5
     -8.0583991946 a       666     0    67     1     6
     -0.1822358423 a       667     0    67     1     7
      0.8852342264 a       668     0    67     1     8
      1.9135251432 a       669     0    67     1     9
    -13.9485319843 a       670     0    67     1    10
     -3.0981455925 a       671     0    68     1     1
      0.3596154145 a       672     0    68     1     2
      1.8490657960 a       673     0    68     1     3
      0.0708639834 a       674     0    68     1     4
      3.8833741091 a       675     0    68     1     5
      5.4041271907 a       676     0    68     1     6
     -3.8377386556 a       677     0    68     1     7
     10.8012243809 a       678     0    68     1     8
     -1.9301049419 a       679     0    68     1     9
      1.2452296035 a       680     0    68     1    10
      7.5560262880 a       681     0    69     1     1
     -0.3288784608 a       682     0    69     1     2
      6.1098437636 a       683     0    69     1     3
     -3.8718499384 a       684     0    69     1     4
      5.5515571126 a       685     0    69     1     5
      7.6459390240 a       686     0    69     1     6
    -12.1398356124 a       687     0    69     1     7
     15.8469420279 a       688     0    69     1     8
     -2.4557981719 a       689     0    69     1     9
     16.5661694068 a       690     0    69     1    10
      3.1836590891 a       691     0    70     1     1
     -9.9300191092 a       692     0    70     1     2
     -6.9916613164 a       693     0    70     1     3
     -4.4968327740 a       694     0    70     1     4
     -6.6364092029 a       695     0    70     1     5
      2.1028295309 a       696     0    70     1     6
      2.6021411844 a       697     0    70     1     7
     -3.6264333346 a       698     0    70     1     8
     -0.7716234072 a       699     0    70     1     9
      4.9514767339 a       700     0    70     1    10
     -0.0436577268 a       701     0    71     1     1
     -1.2443348398 a       702     0    71     1     2
      3.2507745391 a       703     0    71     1     3
     -4.2539429461 a       704     0    71     1     4
     -3.3858317802 a       705     0    71     1     5
     -1.4591752602 a       706     0    71     1     6
      7.1117360913 a       707     0    71     1     7
     -0.9010989675 a       708     0    71     1     8
     -0.3709359241 a       709     0    71     1     9
      6.7666440817 a       710     0    71     1    10
     -4.0808693847 a       711     0    72     1     1
      5.1826954238 a       712     0    72     1     2
      3.9280193614 a       713     0    72     1     3
     -8.1037324248 a       714     0    72     1     4
     -0.7903408547 a       715     0    72     1     5
     -4.0156987825 a       716     0    72     1     6
     -3.8846700797 a       717     0    72     1     7
      4.7603469710 a       718     0    72     1     8
      2.6830683167 a       719     0    72     1     9
      3.9649385415 a       720     0    72     1    10
    -15.1645583816 a       721     0    73     1     1
      4.6388158596 a       722     0    73     1     2
      4.5488518621 a       723     0    73     1     3
      9.9545429855 a       724     0    73     1     4
      6.1129612499 a       725     0    73     1     5
     -0.9800817667 a       726     0    73     1     6
      0.2570272953 a       727     0    73     1     7
     -0.4793026681 a       728     0    73     1     8
     -6.6230692237 a       729     0    73     1     9
     -9.0487172630 a       730     0    73     1    10
     -0.3950843593 a       731     0    74     1     1
     -6.6627140244 a       732     0    74     1     2
     -6.7288797850 a       733     0    74     1     3
      0.7948151573 a       734     0    74     1     4
     -2.0119317079 a       735     0    74     1     5
     11.0060352387 a       736     0    74     1     6
      0.6858000863 a       737     0    74     1     7
     -0.0555720205 a       738     0    74     1     8
     -2.6566332288 a       739     0    74     1     9
      6.9861811347 a       740     0    74     1    10
     11.6175323343 a       741     0    75     1     1
      2.2903447198 a       742     0    75     1     2
      3.2941766190 a       743     0    75     1     3
    -11.4583884322 a       744     0    75     1     4
     -3.8695244845 a       745     0    75     1     5
     -6.1295853728 a       746     0    75     1     6
    -12.8816909132 a       747     0    75     1     7
      9.8604605399 a       748     0    75     1     8
      9.1775135525 a       749     0    75     1     9
      4.0241501894 a       750     0    75     1    10
      2.0281727483 a       751     0    76     1     1
      0.5745584826 a       752     0    76     1     2
      2.1217824996 a       753     0    76     1     3
     -4.0186997334 a       754     0    76     1     4
     -3.0047480325 a       755     0    76     1     5
     -3.2939640974 a       756     0    76     1     6
     -7.2475072902 a       757     0    76     1     7
      3.0486644343 a       758     0    76     1     8
      5.2996662249 a       759     0    76     1     9
      0.9949041041 a       760     0    76     1    10
     -1.5510514505 a       761     0    77     1     1
      5.7316813814 a       762     0    77     1     2
     -0.4295452018 a       763     0    77     1     3
     -6.6223976801 a       764     0    77     1     4
     -3.1337253780 a       765     0    77     1     5
     -4.0376930815 a       766     0    77     1     6
     -1.2217495397 a       767     0    77     1     7
     -3.5522690850 a       768     0    77     1     8
      2.9073716507 a       769     0    77     1     9
     -0.7701267546 a       770     0    77     1    10
     -8.9985770735 a       771     0    78     1     1
      6.5292638678 a       772     0    78     1     2
     -2.0469357815 a       773     0    78     1     3
     -7.3998816504 a       774     0    78     1     4
      3.6257329958 a       775     0    78     1     5
     -3.1396637048 a       776     0    78     1     6
      7.5654163088 a       777     0    78     1     7
      6.7487848646 a       778     0    78     1     8
      4.1334063508 a       779     0    78     1     9
      1.5612700333 a       780     0    78     1    10
    -13.2284528343 a       781     0    79     1     1
      4.4276414354 a       782     0    79     1     2
      3.2931775587 a       783     0    79     1     3
      1.9228063281 a       784     0    79     1     4
      6.8329496588 a       785     0    79     1     5
     -4.1639952904 a       786     0    79     1     6
     11.1777768609 a       787     0    79     1     7
     -2.0229274821 a       788     0    79     1     8
     -0.7800038602 a       789     0    79     1     9
    -12.2716508968 a       790     0    79     1    10
      0.1226228881 a       791     0    80     1     1
     -4.3138971605 a       792     0    80     1     2
     -5.3353325887 a       793     0    80     1     3
      3.0170705982 a       794     0    80     1     4
     -3.4250227016 a       795     0    80     1     5
     11.5161975865 a       796     0    80     1     6
     -6.5211758120 a       797     0    80     1     7
      5.3853241746 a       798     0    80     1     8
     -0.1615979192 a       799     0    80     1     9
      9.8011621443 a       800     0    80     1    10
      8.7643359884 a       801     0    81     1     1
      1.1396821042 a       802     0    81     1     2
      2.5936183031 a       803     0    81     1     3
    -10.8878094414 a       804     0    81     1     4
      2.4263960247 a       805     0    81     1     5
      6.3332155202 a       806     0    81     1     6
    -13.8748143059 a       807     0    81     1     7
     15.9566825608 a       808     0    81     1     8
      3.3939391786 a       809     0    81     1     9
     15.3346762403 a       810     0    81     1    10
      0.6116940349 a       811     0    82     1     1
     -3.1136546467 a       812     0    82     1     2
     -1.8172782262 a       813     0    82     1     3
     -4.3246103959 a       814     0    82     1     4
     -3.3666318714 a       815     0    82     1     5
     -1.0560203166 a       816     0    82     1     6
      0.8823662863 a       817     0    82     1     7
     -1.2887178512 a       818     0    82     1     8
      1.5561644690 a       819     0    82     1     9
      2.5387491227 a       820     0    82     1    10
      0.3000548561 a       821     0    83     1     1
      0.2071975743 a       822     0    83     1     2
      0.7035961352 a       823     0    83     1     3
     -6.9962923834 a       824     0    83     1     4
     -5.5482995118 a       825     0    83     1     5
     -3.2396396383 a       826     0    83     1     6
      8.7566383320 a       827     0    83     1     7
     -7.6937548618 a       828     0    83     1     8
      6.9966354997 a       829     0    83     1     9
      3.9623528219 a       830     0    83     1    10
     -2.0581161958 a       831     0    84     1     1
     17.1527635457 a       832     0    84     1     2
      4.2400129440 a       833     0    84     1     3
    -16.6873590335 a       834     0    84     1     4
     -0.8408970835 a       835     0    84     1     5
    -14.4239573715 a       836     0    84     1     6
    -10.7370166446 a       837     0    84     1     7
     11.4010725895 a       838     0    84     1     8
      8.9224559752 a       839     0    84     1     9
     -5.9130069073 a       840     0    84     1    10
    -17.0183852342 a       841     0    85     1     1
     -2.3510795028 a       842     0    85     1     2
      2.6627283045 a       843     0    85     1     3
     12.1445572697 a       844     0    85     1     4
      7.0872760590 a       845     0    85     1     5
      1.0390296203 a       846     0    85     1     6
      0.3861593909 a       847     0    85     1     7
     -0.2485609727 a       848     0    85     1     8
     -7.5337542680 a       849     0    85     1     9
     -7.1192884020 a       850     0    85     1    10
      3.9500800838 a       851     0    86     1     1
     -1.9586784668 a       852     0    86     1     2
     -3.4628591606 a       853     0    86     1     3
     -2.1533424462 a       854     0    86     1     4
     -1.2808321484 a       855     0    86     1     5
      4.5577058203 a       856     0    86     1     6
      1.5580762936 a       857     0    86     1     7
     -1.4195301586 a       858     0    86     1     8
      2.0477160971 a       859     0    86     1     9
      3.1179247255 a       860     0    86     1    10
     12.1255435828 a       861     0    87     1     1
     -3.8591266820 a       862     0    87     1     2
      4.8646262696 a       863     0    87     1     3
     -9.7213554770 a       864     0    87     1     4
     -6.2864909957 a       865     0    87     1     5
     -9.3816044984 a       866     0    87     1     6
      6.6639720249 a       867     0    87     1     7
     -7.1551577482 a       868     0    87     1     8
     16.6187632089 a       869     0    87     1     9
     -1.0023498146 a       870     0    87     1    10
      0.7450168710 a       871     0    88     1     1
      2.7515114762 a       872     0    88     1     2
      4.4886576363 a       873     0    88     1     3
     -1.4838665568 a       874     0    88     1     4
     -0.1082797406 a       875     0    88     1     5
     -2.5026448976 a       876     0    88     1     6
     -9.1578958332 a       877     0    88     1     7
      6.3409514309 a       878     0    88     1     8
      0.9868400195 a       879     0    88     1     9
      2.4145945531 a       880     0    88     1    10
     -3.1146052867 a       881     0    89     1     1
      8.2094271104 a       882     0    89     1     2
     -1.5000546213 a       883     0    89     1     3
     -6.0551877846 a       884     0    89     1     4
     -4.5329059430 a       885     0    89     1     5
     -6.2647484947 a       886     0    89     1     6
     -6.3976851446 a       887     0    89     1     7
     -3.0449648271 a       888     0    89     1     8
      6.4482611658 a       889     0    89     1     9
     -2.0580542161 a       890     0    89     1    10
    -11.3028192641 a       891     0    90     1     1
      1.7516651450 a       892     0    90     1     2
     -1.1363195418 a       893     0    90     1     3
      3.2793431126 a       894     0    90     1     4
      6.4848093460 a       895     0    90     1     5
      3.9782246441 a       896     0    90     1     6
     19.3289527341 a       897     0    90     1     7
     -2.2724542272 a       898     0    90     1     8
     -0.1613970671 a       899     0    90     1     9
      1.4461087878 a       900     0    90     1    10
    -15.9797408653 a       901     0    91     1     1
     -7.5338201559 a       902     0    91     1     2
     -1.6317737178 a       903     0    91     1     3
      6.3577341335 a       904     0    91     1     4
      9.2088638794 a       905     0    91     1     5
      2.9036104140 a       906     0    91     1     6
     18.5963925572 a       907     0    91     1     7
     -6.5020064084 a       908     0    91     1     8
     -6.0082897812 a       909     0    91     1     9
     -4.7424021889 a       910     0    91     1    10
      5.0952558162 a       911     0    92     1     1
     -6.7408855001 a       912     0    92     1     2
     -2.5785949067 a       913     0    92     1     3
      3.6311789891 a       914     0    92     1     4
     -3.8393464742 a       915     0    92     1     5
      8.9040337093 a       916     0    92     1     6
      1.4557426220 a       917     0    92     1     7
     -1.5829630173 a       918     0    92     1     8
      1.2515503184 a       919     0    92     1     9
      8.1066608821 a       920     0    92     1    10
      7.2688042262 a       921     0    93     1     1
     -4.7755783554 a       922     0    93     1     2
      5.3670531096 a       923     0    93     1     3
     -7.2672197029 a       924     0    93     1     4
     -0.9836307292 a       925     0    93     1     5
      2.3859291020 a       926     0    93     1     6
      7.8918356411 a       927     0    93     1     7
     -2.1794710478 a       928     0    93     1     8
     12.2611179303 a       929     0    93     1     9
      8.6812490321 a       930     0    93     1    10
     -0.2666373878 a       931     0    94     1     1
     -1.5157754563 a       932     0    94     1     2
      7.1740492506 a       933     0    94     1     3
     -0.4467884011 a       934     0    94     1     4
      0.3887374610 a       935     0    94     1     5
     -3.9312933204 a       936     0    94     1     6
      6.2735942610 a       937     0    94     1     7
     -3.3316493679 a       938     0    94     1     8
      2.3276874348 a       939     0    94     1     9
      0.2255563592 a       940     0    94     1    10
     -0.5104914356 a       941     0    95     1     1
      3.1191024610 a       942     0    95     1     2
      0.7069815252 a       943     0    95     1     3
     -5.2101604913 a       944     0    95     1     4
     -5.4904334851 a       945     0    95     1     5
     -4.7533271763 a       946     0    95     1     6
      6.6658064786 a       947     0    95     1     7
     -9.8787371518 a       948     0    95     1     8
      9.3443085902 a       949     0    95     1     9
     -0.1929148872 a       950     0    95     1    10
     -1.4388868941 a       951     0    96     1     1
     15.1356958199 a       952     0    96     1     2
      5.4012626064 a       953     0    96     1     3
     -9.1374838158 a       954     0    96     1     4
      2.0251043189 a       955     0    96     1     5
    -16.9724889866 a       956     0    96     1     6
      7.1837904217 a       957     0    96     1     7
      0.8592259700 a       958     0    96     1     8
      8.3520802748 a       959     0    96     1     9
    -13.3846934265 a       960     0    96     1    10
      3.8968866546 a       961     0    97     1     1
      0.0379471495 a       962     0    97     1     2
     -6.8184329293 a       963     0    97     1     3
    -25.9580421076 a       964     0    97     1     4
     11.9563824724 a       965     0    97     1     5
     -7.6757024881 a       966     0    97     1     6
     -4.1774321362 a       967     0    97     1     7
     10.5131159599 a       968     0    97     1     8
    -11.2974449899 a       969     0    97     1     9
     -4.2389848428 a       970     0    97     1    10
      0.5905425164 a       971     0    98     1     1
     -5.5255174952 a       972     0    98     1     2
      6.5161363630 a       973     0    98     1     3
     14.9035510990 a       974     0    98     1     4
     -7.8127316408 a       975     0    98     1     5
      6.8291794456 a       976     0    98     1     6
     -6.4638983648 a       977     0    98     1     7
      0.9093854660 a       978     0    98     1     8
      9.8968608253 a       979     0    98     1     9
      5.3347116469 a       980     0    98     1    10
     -0.1007051469 a       981     0    99     1     1
    -29.1265427613 a       982     0    99     1     2
      4.4546628940 a       983     0    99     1     3
     12.3727957119 a       984     0    99     1     4
     -0.9721522168 a       985     0    99     1     5
     23.9075559007 a       986     0    99     1     6
     30.7172009772 a       987     0    99     1     7
    -19.7340945273 a       988     0    99     1     8
      0.5117295681 a       989     0    99     1     9
     25.4059279299 a       990     0    99     1    10
      0.2963899283 a       991     0   100     1     1
     -2.1097605054 a       992     0   100     1     2
     -2.1801131302 a       993     0   100     1     3
     -2.8834651038 a       994     0   100     1     4
     -5.6221474784 a       995     0   100     1     5
     -1.6797006404 a       996     0   100     1     6
     -9.7265849790 a       997     0   100     1     7
      0.7846160347 a       998     0   100     1     8
      2.5897471256 a       999     0   100     1     9
      0.2351916875 a      1000     0   100     1    10
      4.4032041615 a      1001     0   101     1     1
      3.9346900762 a      1002     0   101     1     2
     -5.8102567575 a      1003     0   101     1     3
    -14.4633800592 a      1004     0   101     1     4
     -8.1026479464 a      1005     0   101     1     5
      2.6599483417 a      1006     0   101     1     6
     -8.2116574464 a      1007     0   101     1     7
      2.5977923474 a      1008     0   101     1     8
      5.9245154308 a      1009     0   101     1     9
     12.3809996611 a      1010     0   101     1    10
     15.0093526501 a      1011     0   102     1     1
     -1.2294258905 a      1012     0   102     1     2
     -6.4952421628 a      1013     0   102     1     3
    -13.8802137365 a      1014     0   102     1     4
    -12.0012155210 a      1015     0   102     1     5
     -0.3874906556 a      1016     0   102     1     6
    -18.8352063949 a      1017     0   102     1     7
     -3.6870303817 a      1018     0   102     1     8
     -4.4962082161 a      1019     0   102     1     9
      4.7059601365 a      1020     0   102     1    10
     -4.7836897652 a      1021     0   103     1     1
     -2.5822700518 a      1022     0   103     1     2
     27.9653440815 a      1023     0   103     1     3
     20.3036884457 a      1024     0   103     1     4
      8.7514712163 a      1025     0   103     1     5
     18.1775359001 a      1026     0   103     1     6
    -10.6272320345 a      1027     0   103     1     7
     -2.6504644066 a      1028     0   103     1     8
    -12.7117252333 a      1029     0   103     1     9
     10.5370016673 a      1030     0   103     1    10
     -5.2830591934 a      1031     0   104     1     1
    -15.4381733415 a      1032     0   104     1     2
    -11.5692094457 a      1033     0   104     1     3
     -5.4771168405 a      1034     0   104     1     4
     -0.5762562466 a      1035     0   104     1     5
      7.8321513850 a      1036     0   104     1     6
     -6.0818008506 a      1037     0   104     1     7
     -1.7781946380 a      1038     0   104     1     8
     -8.8499819052 a      1039     0   104     1     9
      4.8020322547 a      1040     0   104     1    10
     10.9255955923 a      1041     0   105     1     1
    -35.7035153669 a      1042     0   105     1     2
     -6.0741248707 a      1043     0   105     1     3
     10.2240129923 a      1044     0   105     1     4
     -0.5411398128 a      1045     0   105     1     5
      4.9762645472 a      1046     0   105     1     6
     -0.0172025482 a      1047     0   105     1     7
      1.1264538575 a      1048     0   105     1     8
    -24.3869731480 a      1049     0   105     1     9
     21.0751939046 a      1050     0   105     1    10
     -4.3602243175 a      1051     0   106     1     1
     -0.1325337135 a      1052     0   106     1     2
    -10.7816184352 a      1053     0   106     1     3
     -7.1518865904 a      1054     0   106     1     4
     -5.8210317205 a      1055     0   106     1     5
      3.3591778103 a      1056     0   106     1     6
      0.4440646095 a      1057     0   106     1     7
      7.2886419069 a      1058     0   106     1     8
      3.9671274903 a      1059     0   106     1     9
      3.7028568880 a      1060     0   106     1    10
      2.2494519689 a      1061     0   107     1     1
     -6.3199875815 a      1062     0   107     1     2
     -0.2697581055 a      1063     0   107     1     3
     -5.9243468905 a      1064     0   107     1     4
     -0.9179162145 a      1065     0   107     1     5
     -4.2667481380 a      1066     0   107     1     6
     -1.1198092322 a      1067     0   107     1     7
      2.6501167244 a      1068     0   107     1     8
     -3.0289372937 a      1069     0   107     1     9
      6.7243410414 a      1070     0   107     1    10
      6.6875333303 a      1071     0   108     1     1
     -9.1876167789 a      1072     0   108     1     2
     -7.9863984337 a      1073     0   108     1     3
     -6.4019513427 a      1074     0   108     1     4
     -8.2714710479 a      1075     0   108     1     5
      7.1302393331 a      1076     0   108     1     6
     -2.9430848005 a      1077     0   108     1     7
    -20.3194799022 a      1078     0   108     1     8
      4.1673273343 a      1079     0   108     1     9
      8.4953935848 a      1080     0   108     1    10
     -6.0621112088 a      1081     0   109     1     1
     11.7548046259 a      1082     0   109     1     2
     -7.9697076495 a      1083     0   109     1     3
     -2.1713576105 a      1084     0   109     1     4
     -6.4830956507 a      1085     0   109     1     5
     -8.2246783200 a      1086     0   109     1     6
    -43.4427725195 a      1087     0   109     1     7
     16.3036216388 a      1088     0   109     1     8
      4.4173986319 a      1089     0   109     1     9
     -6.7947957550 a      1090     0   109     1    10
      8.2432408020 a      1091     0   110     1     1
     14.9645296633 a      1092     0   110     1     2
      5.1447619166 a      1093     0   110     1     3
    -13.1080864072 a      1094     0   110     1     4
     -1.3609135979 a      1095     0   110     1     5
    -15.4235449811 a      1096     0   110     1     6
    -13.1121894007 a      1097     0   110     1     7
      7.0955971776 a      1098     0   110     1     8
     11.5351809535 a      1099     0   110     1     9
    -13.5305313207 a      1100     0   110     1    10
     15.9043655922 a      1101     0   111     1     1
      7.5701269549 a      1102     0   111     1     2
      3.5614868854 a      1103     0   111     1     3
    -17.2568613186 a      1104     0   111     1     4
    -17.8964774162 a      1105     0   111     1     5
    -21.4565800079 a      1106     0   111     1     6
    -18.0492267768 a      1107     0   111     1     7
     -3.4047683662 a      1108     0   111     1     8
     29.1356239816 a      1109     0   111     1     9
    -12.8959081866 a      1110     0   111     1    10
      0.8842571660 a      1111     0   112     1     1
     -1.1135336521 a      1112     0   112     1     2
      6.0144908097 a      1113     0   112     1     3
      4.9674955376 a      1114     0   112     1     4
      1.4964016431 a      1115     0   112     1     5
      0.6621676789 a      1116     0   112     1     6
     -2.7936384713 a      1117     0   112     1     7
      1.4553650715 a      1118     0   112     1     8
     -4.4053128223 a      1119     0   112     1     9
      6.6680440119 a      1120     0   112     1    10
     -5.3394360406 a      1121     0   113     1     1
      5.9389441082 a      1122     0   113     1     2
     -2.4175285836 a      1123     0   113     1     3
      2.2822274036 a      1124     0   113     1     4
     -3.5405008835 a      1125     0   113     1     5
     -1.7463304973 a      1126     0   113     1     6
     -1.4189780251 a      1127     0   113     1     7
     -4.8167713073 a      1128     0   113     1     8
      2.1043203138 a      1129     0   113     1     9
     -3.4204921216 a      1130     0   113     1    10
     -9.5620312895 a      1131     0   114     1     1
      3.4184171438 a      1132     0   114     1     2
    -10.2476619653 a      1133     0   114     1     3
     13.3468202075 a      1134     0   114     1     4
     -0.4500275565 a      1135     0   114     1     5
     15.2310948335 a      1136     0   114     1     6
    -17.2731098031 a      1137     0   114     1     7
     10.2454092011 a      1138     0   114     1     8
    -12.2774726369 a      1139     0   114     1     9
      5.3888457991 a      1140     0   114     1    10
     -6.6280367837 a      1141     0   115     1     1
    -11.2045000971 a      1142     0   115     1     2
    -13.4882866152 a      1143     0   115     1     3
      5.9738893330 a      1144     0   115     1     4
     -0.5631236511 a      1145     0   115     1     5
      4.2920967248 a      1146     0   115     1     6
     -2.5889803920 a      1147     0   115     1     7
     -0.3377095583 a      1148     0   115     1     8
     -3.8414345297 a      1149     0   115     1     9
      6.5100120002 a      1150     0   115     1    10
     10.1988094884 a      1151     0   116     1     1
      3.6089301477 a      1152     0   116     1     2
      5.9133190798 a      1153     0   116     1     3
     -1.2777588147 a      1154     0   116     1     4
     -1.8250612983 a      1155     0   116     1     5
     -6.0041030779 a      1156     0   116     1     6
     -0.3336137693 a      1157     0   116     1     7
      0.7795601218 a      1158     0   116     1     8
      7.1865826644 a      1159     0   116     1     9
     -5.2869157838 a      1160     0   116     1    10
      6.2386820955 a      1161     0   117     1     1
      2.0966818257 a      1162     0   117     1     2
     10.7447418331 a      1163     0   117     1     3
     -8.2961788237 a      1164     0   117     1     4
    -10.5308662944 a      1165     0   117     1     5
    -14.8766124789 a      1166     0   117     1     6
      3.3765586919 a      1167     0   117     1     7
    -12.2449381580 a      1168     0   117     1     8
     27.3308657510 a      1169     0   117     1     9
     -9.6825645234 a      1170     0   117     1    10
     -0.0163866480 a      1171     0   118     1     1
     -4.6093330917 a      1172     0   118     1     2
     12.8427549678 a      1173     0   118     1     3
      5.7417005310 a      1174     0   118     1     4
      5.7953623241 a      1175     0   118     1     5
     -4.2062833691 a      1176     0   118     1     6
     15.1577417434 a      1177     0   118     1     7
     -6.2540220903 a      1178     0   118     1     8
      0.9171415835 a      1179     0   118     1     9
     -0.4088085846 a      1180     0   118     1    10
     -0.8062138585 a      1181     0   119     1     1
      1.7561182899 a      1182     0   119     1     2
      1.0752857177 a      1183     0   119     1     3
      5.5495095402 a      1184     0   119     1     4
     -3.8853692903 a      1185     0   119     1     5
     -2.7497693705 a      1186     0   119     1     6
      8.0298007289 a      1187     0   119     1     7
    -11.1872899590 a      1188     0   119     1     8
      3.5652396861 a      1189     0   119     1     9
     -1.2979709098 a      1190     0   119     1    10
      1.5660729998 a      1191     0   120     1     1
      9.2671886833 a      1192     0   120     1     2
      1.4418771898 a      1193     0   120     1     3
      6.4530795946 a      1194     0   120     1     4
      3.3381951381 a      1195     0   120     1     5
    -13.6763498895 a      1196     0   120     1     6
     11.4837174367 a      1197     0   120     1     7
    -10.8570098331 a      1198     0   120     1     8
     -0.7184100439 a      1199     0   120     1     9
    -14.1630976562 a      1200     0   120     1    10
      9.3229653502 a      1201     0   121     1     1
    -26.3833640707 a      1202     0   121     1     2
    -19.6877446888 a      1203     0   121     1     3
     -7.7312146539 a      1204     0   121     1     4
      6.1639360459 a      1205     0   121     1     5
      0.6860269373 a      1206     0   121     1     6
     15.4105037010 a      1207     0   121     1     7
    -12.9290613448 a      1208     0   121     1     8
    -15.5974358811 a      1209     0   121     1     9
     10.8017545664 a      1210     0   121     1    10
      9.0421627276 a      1211     0   122     1     1
     -7.4925503989 a      1212     0   122     1     2
     14.9680392367 a      1213     0   122     1     3
     19.3629473276 a      1214     0   122     1     4
     -1.2199803645 a      1215     0   122     1     5
     -3.4101917145 a      1216     0   122     1     6
     11.4127828970 a      1217     0   122     1     7
     -9.0011353027 a      1218     0   122     1     8
      4.9254860986 a      1219     0   122     1     9
     -2.1457602062 a      1220     0   122     1    10
      3.1383442714 a      1221     0   123     1     1
     -3.9122953913 a      1222     0   123     1     2
      8.2620635443 a      1223     0   123     1     3
     -2.1953741154 a      1224     0   123     1     4
    -16.2460385406 a      1225     0   123     1     5
     -0.1564582143 a      1226     0   123     1     6
    -10.8184248666 a      1227     0   123     1     7
    -11.7860319251 a      1228     0   123     1     8
     19.4171927462 a      1229     0   123     1     9
     -1.4543236216 a      1230     0   123     1    10
     -0.1691149893 a      1231     0   124     1     1
      1.0833152136 a      1232     0   124     1     2
     10.2776776891 a      1233     0   124     1     3
     -2.0461523737 a      1234     0   124     1     4
      0.6304090842 a      1235     0   124     1     5
     -9.7220253035 a      1236     0   124     1     6
     -1.9744443985 a      1237     0   124     1     7
      0.1054794925 a      1238     0   124     1     8
      6.8099561612 a      1239     0   124     1     9
     -5.2837080641 a      1240     0   124     1    10
      4.1935008222 a      1241     0   125     1     1
     -0.7006269421 a      1242     0   125     1     2
     -2.3338236168 a      1243     0   125     1     3
      1.7081667638 a      1244     0   125     1     4
     -5.2015084182 a      1245     0   125     1     5
     -0.6402438103 a      1246     0   125     1     6
      1.9339679625 a      1247     0   125     1     7
     -4.5293459839 a      1248     0   125     1     8
     -0.2398686263 a      1249     0   125     1     9
      5.1503088530 a      1250     0   125     1    10
     16.8291246947 a      1251     0   126     1     1
    -15.0689117676 a      1252     0   126     1     2
     -8.9976514413 a      1253     0   126     1     3
      9.7201375407 a      1254     0   126     1     4
     -9.1737870610 a      1255     0   126     1     5
      5.9859447168 a      1256     0   126     1     6
     11.2333733442 a      1257     0   126     1     7
    -24.5817470927 a      1258     0   126     1     8
    -13.9411878888 a      1259     0   126     1     9
      5.4152035823 a      1260     0   126     1    10
      8.4115666808 a      1261     0   127     1     1
      0.9422328922 a      1262     0   127     1     2
     16.3868746902 a      1263     0   127     1     3
     -7.0318587234 a      1264     0   127     1     4
     -5.2202253032 a      1265     0   127     1     5
     -0.4287492963 a      1266     0   127     1     6
    -16.9352813159 a      1267     0   127     1     7
      3.7904440998 a      1268     0   127     1     8
     18.7310226513 a      1269     0   127     1     9
      8.2641887959 a      1270     0   127     1    10
     -2.0691894630 a      1271     0   128     1     1
     -2.1105485643 a      1272     0   128     1     2
      1.3930612341 a      1273     0   128     1     3
    -13.6078568935 a      1274     0   128     1     4
     -3.7065342423 a      1275     0   128     1     5
     -7.9133465029 a      1276     0   128     1     6
     -4.3173736304 a      1277     0   128     1     7
     -4.2624130049 a      1278     0   128     1     8
     18.4594970279 a      1279     0   128     1     9
     -7.3709043466 a      1280     0   128     1    10
     13.7244588864 a      1281     0   129     1     1
     -6.2518556259 a      1282     0   129     1     2
     -0.5027140383 a      1283     0   129     1     3
    -21.1133540263 a      1284     0   129     1     4
     -6.5659566799 a      1285     0   129     1     5
    -18.6390410734 a      1286     0   129     1     6
    -17.9125851080 a      1287     0   129     1     7
      7.1213693255 a      1288     0   129     1     8
      7.4832962067 a      1289     0   129     1     9
     -4.3461235777 a      1290     0   129     1    10
     -5.3052492488 a      1291     0   130     1     1
      1.9760953300 a      1292     0   130     1     2
      7.9685873999 a      1293     0   130     1     3
     -0.3085153673 a      1294     0   130     1     4
      1.3291460000 a      1295     0   130     1     5
     -6.7658960334 a      1296     0   130     1     6
      4.3575341184 a      1297     0   130     1     7
      2.4855263321 a      1298     0   130     1     8
     10.3691957413 a      1299     0   130     1     9
     -6.2938013237 a      1300     0   130     1    10
     -1.0592744521 a      1301     0   131     1     1
     -1.2734559537 a      1302     0   131     1     2
      4.1970737552 a      1303     0   131     1     3
     -0.4378242502 a      1304     0   131     1     4
     -1.7218480622 a      1305     0   131     1     5
    -10.2041938283 a      1306     0   131     1     6
     -3.6525714594 a      1307     0   131     1     7
     -3.6052431422 a      1308     0   131     1     8
      1.4856644512 a      1309     0   131     1     9
     -1.6972688397 a      1310     0   131     1    10
      2.2408417731 a      1311     0   132     1     1
      3.5325083570 a      1312     0   132     1     2
      5.4840840397 a      1313     0   132     1     3
      1.2315365394 a      1314     0   132     1     4
     -0.9669937765 a      1315     0   132     1     5
    -11.7259000542 a      1316     0   132     1     6
     -6.9096598639 a      1317     0   132     1     7
      2.9399257946 a      1318     0   132     1     8
     -6.8055321604 a      1319     0   132     1     9
     -8.6694499037 a      1320     0   132     1    10
      4.8868215356 a      1321     0   133     1     1
     17.5560837412 a      1322     0   133     1     2
      9.2197320299 a      1323     0   133     1     3
     -8.3486461887 a      1324     0   133     1     4
      5.3349174744 a      1325     0   133     1     5
     -3.3482287475 a      1326     0   133     1     6
     10.1421060136 a      1327     0   133     1     7
      7.2329976430 a      1328     0   133     1     8
     24.8649179042 a      1329     0   133     1     9
      7.3351948077 a      1330     0   133     1    10
     -5.3887635000 a      1331     0   134     1     1
      7.0311500362 a      1332     0   134     1     2
      3.2876432211 a      1333     0   134     1     3
    -11.8853414856 a      1334     0   134     1     4
      2.6136573941 a      1335     0   134     1     5
     -2.4979085978 a      1336     0   134     1     6
     12.4459328553 a      1337     0   134     1     7
     -2.3621012300 a      1338     0   134     1     8
     15.7741576856 a      1339     0   134     1     9
      1.1943890356 a      1340     0   134     1    10
      9.6062149398 a      1341     0   135     1     1
      2.9476745265 a      1342     0   135     1     2
     -7.4668331449 a      1343     0   135     1     3
    -14.2430832122 a      1344     0   135     1     4
     -9.1489364365 a      1345     0   135     1     5
     21.7928889470 a      1346     0   135     1     6
    -13.7810093031 a      1347     0   135     1     7
     17.0050246827 a      1348     0   135     1     8
      4.0708230929 a      1349     0   135     1     9
     20.5869307721 a      1350     0   135     1    10
     -2.2691902690 a      1351     0   136     1     1
     -1.2370940649 a      1352     0   136     1     2
     -8.9881449656 a      1353     0   136     1     3
      3.7182362657 a      1354     0   136     1     4
     -2.4430993581 a      1355     0   136     1     5
      9.5813249500 a      1356     0   136     1     6
     -7.8373960277 a      1357     0   136     1     7
      4.3533429864 a      1358     0   136     1     8
     -6.9747541860 a      1359     0   136     1     9
     13.7605245981 a      1360     0   136     1    10
     -5.2480600884 a      1361     0   137     1     1
      4.0443666680 a      1362     0   137     1     2
     -8.4649823108 a      1363     0   137     1     3
      7.5585770138 a      1364     0   137     1     4
      3.4979221244 a      1365     0   137     1     5
     11.9583845271 a      1366     0   137     1     6
      4.4380297678 a      1367     0   137     1     7
      4.8648891753 a      1368     0   137     1     8
     -9.5605388708 a      1369     0   137     1     9
      5.0628881787 a      1370     0   137     1    10
     -4.1109478424 a      1371     0   138     1     1
    -14.4182932796 a      1372     0   138     1     2
     -8.1129849916 a      1373     0   138     1     3
     32.0112210709 a      1374     0   138     1     4
      4.6483401376 a      1375     0   138     1     5
     27.3029603105 a      1376     0   138     1     6
     -5.3935213154 a      1377     0   138     1     7
     -1.2189937123 a      1378     0   138     1     8
    -22.0332317525 a      1379     0   138     1     9
     22.1675367449 a      1380     0   138     1    10
      2.5124684319 a      1381     0   139     1     1
      1.1621709462 a      1382     0   139     1     2
      4.7365846516 a      1383     0   139     1     3
      0.8860756439 a      1384     0   139     1     4
      9.5130794564 a      1385     0   139     1     5
      6.3065384756 a      1386     0   139     1     6
     31.0987973637 a      1387     0   139     1     7
     -2.2729543998 a      1388     0   139     1     8
     14.7304315570 a      1389     0   139     1     9
     17.2855144728 a      1390     0   139     1    10
      0.4410373517 a      1391     0   140     1     1
     -3.7320667669 a      1392     0   140     1     2
      0.8034050257 a      1393     0   140     1     3
     -1.4620087527 a      1394     0   140     1     4
      0.5002273645 a      1395     0   140     1     5
      5.6968494369 a      1396     0   140     1     6
     11.6260781981 a      1397     0   140     1     7
     -3.9803148995 a      1398     0   140     1     8
      4.7274850514 a      1399     0   140     1     9
      9.2450882536 a      1400     0   140     1    10
     -4.7107338833 a      1401     0   141     1     1
    -15.6550768661 a      1402     0   141     1     2
      9.3741718362 a      1403     0   141     1     3
     11.3681705502 a      1404     0   141     1     4
      4.5496740452 a      1405     0   141     1     5
      8.9651292414 a      1406     0   141     1     6
     57.7924126453 a      1407     0   141     1     7
    -27.7413867496 a      1408     0   141     1     8
      8.4278325374 a      1409     0   141     1     9
      1.2216855361 a      1410     0   141     1    10
     -2.9133427487 a      1411     0   142     1     1
     -2.9292815849 a      1412     0   142     1     2
      3.2324424017 a      1413     0   142     1     3
      2.3335470552 a      1414     0   142     1     4
      3.8006117031 a      1415     0   142     1     5
      1.6285119660 a      1416     0   142     1     6
     10.3516113940 a      1417     0   142     1     7
     -2.9364295620 a      1418     0   142     1     8
      0.4639479651 a      1419     0   142     1     9
      6.6424027942 a      1420     0   142     1    10
     -1.7566623894 a      1421     0   143     1     1
      5.0071359881 a      1422     0   143     1     2
     -2.0517494320 a      1423     0   143     1     3
      6.5981674492 a      1424     0   143     1     4
      0.7348665158 a      1425     0   143     1     5
      1.3484951817 a      1426     0   143     1     6
      3.2969312081 a      1427     0   143     1     7
      3.5861688461 a      1428     0   143     1     8
     -3.1965842683 a      1429     0   143     1     9
      0.7178230668 a      1430     0   143     1    10
      2.2379426049 a      1431     0   144     1     1
     21.4699405403 a      1432     0   144     1     2
      5.3561116359 a      1433     0   144     1     3
     -6.9295601958 a      1434     0   144     1     4
      8.7089861931 a      1435     0   144     1     5
    -21.0696317468 a      1436     0   144     1     6
      5.8105601343 a      1437     0   144     1     7
      4.7658808587 a      1438     0   144     1     8
     19.6223357806 a      1439     0   144     1     9
    -14.8299628957 a      1440     0   144     1    10
     11.9750235774 a      1441     0   145     1     1
      3.2774704907 a      1442     0   145     1     2
     -6.5782706985 a      1443     0   145     1     3
     -1.3446580856 a      1444     0   145     1     4
     -9.2589162692 a      1445     0   145     1     5
    -20.3700842329 a      1446     0   145     1     6
    -18.2427448374 a      1447     0   145     1     7
      2.1303243398 a      1448     0   145     1     8
     11.9476982392 a      1449     0   145     1     9
     -6.8995447821 a      1450     0   145     1    10
      8.6261831391 a      1451     0   146     1     1
     -3.6109017908 a      1452     0   146     1     2
      0.5058410101 a      1453     0   146     1     3
     10.4368283190 a      1454     0   146     1     4
     -2.2202858698 a      1455     0   146     1     5
      9.6451721749 a      1456     0   146     1     6
    -16.7796332889 a      1457     0   146     1     7
     11.7006383840 a      1458     0   146     1     8
     -8.7910773064 a      1459     0   146     1     9
      7.6487236183 a      1460     0   146     1    10
     -0.9384353628 a      1461     0   147     1     1
     16.5245509009 a      1462     0   147     1     2
      5.6296511796 a      1463     0   147     1     3
      1.9502920458 a      1464     0   147     1     4
    -14.6063827601 a      1465     0   147     1     5
     -2.8112187404 a      1466     0   147     1     6
    -35.6398385253 a      1467     0   147     1     7
      3.2288594178 a      1468     0   147     1     8
      4.4863338385 a      1469     0   147     1     9
    -20.0508907583 a      1470     0   147     1    10
     -0.7493862350 a      1471     0   148     1     1
      6.3039982796 a      1472     0   148     1     2
      8.9377659046 a      1473     0   148     1     3
     -6.3020188344 a      1474     0   148     1     4
      2.3989834418 a      1475     0   148     1     5
     -9.7319583647 a      1476     0   148     1     6
     -6.4188951373 a      1477     0   148     1     7
      4.4553227579 a      1478     0   148     1     8
      8.5149966028 a      1479     0   148     1     9
     -4.3305611252 a      1480     0   148     1    10
      1.6441730958 a      1481     0   149     1     1
      8.7581302409 a      1482     0   149     1     2
      5.9836128650 a      1483     0   149     1     3
      6.3823118152 a      1484     0   149     1     4
      2.8349663216 a      1485     0   149     1     5
     -7.3816656919 a      1486     0   149     1     6
     -0.5377753555 a      1487     0   149     1     7
      5.6474722784 a      1488     0   149     1     8
     -1.1278289077 a      1489     0   149     1     9
     -6.6607348418 a      1490     0   149     1    10
      9.3705316681 a      1491     0   150     1     1
      7.9270615825 a      1492     0   150     1     2
     -2.5672005439 a      1493     0   150     1     3
      5.6371309116 a      1494     0   150     1     4
     -6.7594779151 a      1495     0   150     1     5
      6.7307266991 a      1496     0   150     1     6
      0.6202619770 a      1497     0   150     1     7
      6.7631610045 a      1498     0   150     1     8
     13.5672168455 a      1499     0   150     1     9
      8.3705263148 a      1500     0   150     1    10
     12.0788089505 a      1501     0   151     1     1
    -25.3945020239 a      1502     0   151     1     2
     -3.7218113018 a      1503     0   151     1     3
     10.4525867984 a      1504     0   151     1     4
    -19.0882081011 a      1505     0   151     1     5
     -1.0413082698 a      1506     0   151     1     6
      1.6629198308 a      1507     0   151     1     7
    -12.9596190702 a      1508     0   151     1     8
     10.1241007938 a      1509     0   151     1     9
      5.5491837222 a      1510     0   151     1    10
     -1.2912879713 a      1511     0   152     1     1
     -2.8721135303 a      1512     0   152     1     2
      2.2972434705 a      1513     0   152     1     3
     -0.6799301634 a      1514     0   152     1     4
     13.1059172115 a      1515     0   152     1     5
     -2.1838544733 a      1516     0   152     1     6
      1.0137508031 a      1517     0   152     1     7
      1.3154525807 a      1518     0   152     1     8
     -9.9743843844 a      1519     0   152     1     9
     -7.8307479010 a      1520     0   152     1    10
    -10.2492767889 a      1521     0   153     1     1
     10.5687788189 a      1522     0   153     1     2
      1.9088216525 a      1523     0   153     1     3
      4.0566157262 a      1524     0   153     1     4
     12.4434151058 a      1525     0   153     1     5
      8.9195684091 a      1526     0   153     1     6
      6.5431638255 a      1527     0   153     1     7
     -0.5099073861 a      1528     0   153     1     8
     -5.4911111420 a      1529     0   153     1     9
     -8.7745598038 a      1530     0   153     1    10
      0.1629997238 a      1531     0   154     1     1
    -10.0164137651 a      1532     0   154     1     2
     -2.3876856811 a      1533     0   154     1     3
      5.1407295243 a      1534     0   154     1     4
      4.9988315409 a      1535     0   154     1     5
      5.8856532626 a      1536     0   154     1     6
     -2.5868205976 a      1537     0   154     1     7
      2.3733828739 a      1538     0   154     1     8
    -11.2712480859 a      1539     0   154     1     9
      0.9264397157 a      1540     0   154     1    10
     -2.2143795327 a      1541     0   155     1     1
     -2.0683509408 a      1542     0   155     1     2
      2.2185670034 a      1543     0   155     1     3
     -0.3571377510 a      1544     0   155     1     4
      7.1420203831 a      1545     0   155     1     5
      0.6746694519 a      1546     0   155     1     6
     -1.7423518489 a      1547     0   155     1     7
     -2.3247221572 a      1548     0   155     1     8
     -3.1842296299 a      1549     0   155     1     9
      5.0047665503 a      1550     0   155     1    10
     -8.7296611001 a      1551     0   156     1     1
      7.2570694526 a      1552     0   156     1     2
      6.0070723218 a      1553     0   156     1     3
     -3.5682502959 a      1554     0   156     1     4
      1.9064114052 a      1555     0   156     1     5
      8.9461978834 a      1556     0   156     1     6
      7.5410244969 a      1557     0   156     1     7
      5.4138239854 a      1558     0   156     1     8
      1.9492116463 a      1559     0   156     1     9
      0.0290953780 a      1560     0   156     1    10
     23.5411821698 b      1561     1     1
      4.8407593362 b      1562     1     2
     -1.4888508727 b      1563     1     3
     -2.5838004778 b      1564     1     4
      3.9131973141 b      1565     1     5
     -8.4156988923 b      1566     1     6
      4.5717840238 b      1567     1     7
      8.1386607051 b      1568     1     8
      3.6100545966 b      1569     1     9
     -1.5515894853 b      1570     1    10
     21.3325610151 a      1571     1     1     2     1
     18.8186773390 a      1572     1     1     2     2
    -20.8772935371 a      1573     1     1     2     3
      7.6937963878 a      1574     1     1     2     4
    -29.5480546998 a      1575     1     1     2     5
     16.6127718760 a      1576     1     1     2     6
    -24.2309031727 a      1577     1     1     2     7
    -23.7203328880 a      1578     1     1     2     8
      9.1578127936 a      1579     1     1     2     9
     -5.4274008936 a      1580     1     1     2    10
     -0.6738687536 a      1581     1     2     2     1
    -12.4412463163 a      1582     1     2     2     2
     -6.9343206733 a      1583     1     2     2     3
    -16.6173569236 a      1584     1     2     2     4
    -33.9970646892 a      1585     1     2     2     5
      6.4833854074 a      1586     1     2     2     6
     30.1125989924 a      1587     1     2     2     7
    -14.0425145886 a      1588     1     2     2     8
    -20.5906949444 a      1589     1     2     2     9
     -2.7956543099 a      1590     1     2     2    10
    -18.4470925837 a      1591     1     3     2     1
    -20.7678387769 a      1592     1     3     2     2
     -6.8542549104 a      1593     1     3     2     3
    -29.0175771324 a      1594     1     3     2     4
    -44.8974646800 a      1595     1     3     2     5
    -14.7307587409 a      1596     1     3     2     6
     25.9158408806 a      1597     1     3     2     7
      1.5130014483 a      1598     1     3     2     8
     -6.6428299740 a      1599     1     3     2     9
     -5.1640925178 a      1600     1     3     2    10
      2.3325226359 a      1601     1     4     2     1
    -36.6434976219 a      1602     1     4     2     2
     -8.3717060506 a      1603     1     4     2     3
    -20.0921885722 a      1604     1     4     2     4
     30.5154145003 a      1605     1     4     2     5
     -9.0422533449 a      1606     1     4     2     6
     -0.2964892849 a      1607     1     4     2     7
     23.1620112072 a      1608     1     4     2     8
     14.0482814447 a      1609     1     4     2     9
     34.8240979492 a      1610     1     4     2    10
     -6.3485454043 a      1611     1     5     2     1
    -27.6013659804 a      1612     1     5     2     2
     22.6469397470 a      1613     1     5     2     3
     -3.4875016788 a      1614     1     5     2     4
    -12.1695588784 a      1615     1     5     2     5
    -12.3466651977 a      1616     1     5     2     6
     44.9290574188 a      1617     1     5     2     7
      6.5943902788 a      1618     1     5     2     8
      6.1793859936 a      1619     1     5     2     9
      6.5432303549 a      1620     1     5     2    10
      1.7496676228 a      1621     1     6     2     1
     -5.5453283330 a      1622     1     6     2     2
     11.8389643182 a      1623     1     6     2     3
     -3.1098614594 a      1624     1     6     2     4
      8.1911621738 a      1625     1     6     2     5
     -5.3556037272 a      1626     1     6     2     6
     -0.5894591482 a      1627     1     6     2     7
     33.4711024786 a      1628     1     6     2     8
     -1.3469899214 a      1629     1     6     2     9
     33.5877527483 a      1630     1     6     2    10
     -9.9910438893 a      1631     1     7     2     1
      4.4103482322 a      1632     1     7     2     2
     -2.9019860105 a      1633     1     7     2     3
     32.5610304018 a      1634     1     7     2     4
     29.1924537610 a      1635     1     7     2     5
    -23.5281490122 a      1636     1     7     2     6
      8.8385804534 a      1637     1     7     2     7
     20.0605109458 a      1638     1     7     2     8
     56.0682664261 a      1639     1     7     2     9
    -42.1376529216 a      1640     1     7     2    10
     -7.6365387035 a      1641     1     8     2     1
    -16.3372598557 a      1642     1     8     2     2
      1.8696655612 a      1643     1     8     2     3
    -11.4748425688 a      1644     1     8     2     4
    -35.5460363759 a      1645     1     8     2     5
      0.4470131545 a      1646     1     8     2     6
     22.4499248226 a      1647     1     8     2     7
     -6.3758483640 a      1648     1     8     2     8
    -30.1434183115 a      1649     1     8     2     9
     25.8446815872 a      1650     1     8     2    10
    -19.9377772440 a      1651     1     9     2     1
     49.3960928018 a      1652     1     9     2     2
    -38.9448496494 a      1653     1     9     2     3
     16.0986720393 a      1654     1     9     2     4
    -20.3799169774 a      1655     1     9     2     5
     -8.5655413404 a      1656     1     9     2     6
    -28.0956266088 a      1657     1     9     2     7
      0.0861033071 a      1658     1     9     2     8
    -21.0822953787 a      1659     1     9     2     9
    -57.6281348132 a      1660     1     9     2    10
    -10.2973066672 a      1661     1    10     2     1
     12.1732459100 a      1662     1    10     2     2
     -8.0173980622 a      1663     1    10     2     3
     -1.5453314565 a      1664     1    10     2     4
     -5.6472031486 a      1665     1    10     2     5
    -12.0499311066 a      1666     1    10     2     6
    -19.4949286352 a      1667     1    10     2     7
     31.4740221350 a      1668     1    10     2     8
      6.6798792782 a      1669     1    10     2     9
     23.5010431711 a      1670     1    10     2    10
     -3.3361615943 b      1671     2     1
     -2.4371401225 b      1672     2     2
      0.3431228330 b      1673     2     3
      5.2541306676 b      1674     2     4
      6.7997783075 b      1675     2     5
     -3.1180177662 b      1676     2     6
      4.5276782489 b      1677     2     7
      2.7038938294 b      1678     2     8
      5.0880148933 b      1679     2     9
      1.0426512282 b      1680     2    10
      0.9213074916 a      1681     2     1     3     1
     -7.8055948862 a      1682     2     2     3     1
      2.1652238216 a      1683     2     3     3     1
      1.4753838193 a      1684     2     4     3     1
     -1.9033986081 a      1685     2     5     3     1
      0.1812045194 a      1686     2     6     3     1
     -6.0210444210 a      1687     2     7     3     1
      4.5782063761 a      1688     2     8     3     1
      2.5721771122 a      1689     2     9     3     1
     -6.7631020196 a      1690     2    10     3     1
      0.6093629317 b      1691     3     1
